#NOTE: MSDs should be divided by the temperature.
#NOTE: MSDs have been divided by 2 or 10 (i.e., the viscosity computed from all components).
#Time	MSD_xx	MSD_yy	MSD_zz	MSD_xy	MSD_xz	MSD_yz	MSD_off	MSD_all	MSD_bulkvisc
 20 5.59645e+09 5.59795e+09 5.59784e+09 5.58908e+09 5.58763e+09 5.58451e+09 5.58707e+09 5.59121e+09 6.95283e+09
 40 1.78874e+10 1.79002e+10 1.78948e+10 1.78633e+10 1.78519e+10 1.78439e+10 1.7853e+10 1.78695e+10 2.55938e+10
 60 3.2243e+10 3.22875e+10 3.22687e+10 3.22007e+10 3.21806e+10 3.21572e+10 3.21795e+10 3.22143e+10 5.32026e+10
 80 4.66925e+10 4.67869e+10 4.67422e+10 4.6629e+10 4.66149e+10 4.65609e+10 4.66016e+10 4.66572e+10 8.78374e+10
 100 6.10527e+10 6.12058e+10 6.11243e+10 6.09636e+10 6.09647e+10 6.08684e+10 6.09322e+10 6.10104e+10 1.27892e+11
 120 7.62984e+10 7.65239e+10 7.63925e+10 7.61881e+10 7.62098e+10 7.6054e+10 7.61506e+10 7.62524e+10 1.72201e+11
 140 9.34705e+10 9.37894e+10 9.35917e+10 9.33434e+10 9.33925e+10 9.31518e+10 9.32959e+10 9.34244e+10 2.20028e+11
 160 1.12866e+11 1.1331e+11 1.13028e+11 1.12735e+11 1.12817e+11 1.12464e+11 1.12672e+11 1.1283e+11 2.70805e+11
 180 1.34094e+11 1.34694e+11 1.34316e+11 1.33975e+11 1.34099e+11 1.33609e+11 1.33894e+11 1.34084e+11 3.2405e+11
 200 1.56614e+11 1.57388e+11 1.56908e+11 1.5652e+11 1.56694e+11 1.56044e+11 1.56419e+11 1.5664e+11 3.79381e+11
 220 1.80128e+11 1.81095e+11 1.80504e+11 1.80076e+11 1.80301e+11 1.79464e+11 1.79947e+11 1.80199e+11 4.36535e+11
 240 2.04626e+11 2.05803e+11 2.05086e+11 2.04634e+11 2.04898e+11 2.03857e+11 2.04463e+11 2.04747e+11 4.95363e+11
 260 2.30201e+11 2.31601e+11 2.30731e+11 2.30276e+11 2.30568e+11 2.29304e+11 2.30049e+11 2.30367e+11 5.55797e+11
 280 2.56859e+11 2.58497e+11 2.57443e+11 2.57003e+11 2.57317e+11 2.55812e+11 2.56711e+11 2.57066e+11 6.17806e+11
 300 2.84497e+11 2.86388e+11 2.85131e+11 2.84699e+11 2.85049e+11 2.83281e+11 2.84343e+11 2.84741e+11 6.81378e+11
 320 3.12987e+11 3.15155e+11 3.13674e+11 3.13226e+11 3.13639e+11 3.11583e+11 3.12816e+11 3.13265e+11 7.46514e+11
 340 3.42248e+11 3.44718e+11 3.42994e+11 3.42517e+11 3.43008e+11 3.40651e+11 3.42059e+11 3.42563e+11 8.13227e+11
 360 3.72267e+11 3.75061e+11 3.7308e+11 3.72565e+11 3.73139e+11 3.70473e+11 3.72059e+11 3.72623e+11 8.81542e+11
 380 4.03049e+11 4.0619e+11 4.03942e+11 4.03387e+11 4.04037e+11 4.01061e+11 4.02828e+11 4.03454e+11 9.51484e+11
 400 4.34587e+11 4.38093e+11 4.3557e+11 4.34981e+11 4.35693e+11 4.32404e+11 4.34359e+11 4.35049e+11 1.02307e+12
 400 4.34926e+11 4.37299e+11 4.3479e+11 4.35549e+11 4.36034e+11 4.31356e+11 4.34313e+11 4.34856e+11 1.02409e+12
 800 1.19058e+12 1.20393e+12 1.19058e+12 1.19259e+12 1.19384e+12 1.18312e+12 1.18985e+12 1.19192e+12 2.76768e+12
 1200 2.10934e+12 2.13805e+12 2.10576e+12 2.10935e+12 2.10995e+12 2.0943e+12 2.10454e+12 2.10981e+12 4.89395e+12
 1600 3.1214e+12 3.17263e+12 3.114e+12 3.11671e+12 3.11522e+12 3.09336e+12 3.10843e+12 3.11946e+12 7.25695e+12
 2000 4.19259e+12 4.2681e+12 4.18267e+12 4.17854e+12 4.17749e+12 4.14698e+12 4.16767e+12 4.18638e+12 9.7668e+12
 2400 5.30038e+12 5.4011e+12 5.287e+12 5.27415e+12 5.27707e+12 5.235e+12 5.26207e+12 5.28904e+12 1.23792e+13
 2800 6.43499e+12 6.56179e+12 6.41896e+12 6.38973e+12 6.403e+12 6.34667e+12 6.3798e+12 6.41664e+12 1.5055e+13
 3200 7.58859e+12 7.73938e+12 7.56912e+12 7.52118e+12 7.54446e+12 7.47244e+12 7.51269e+12 7.56056e+12 1.77775e+13
 3600 8.75451e+12 8.93386e+12 8.73116e+12 8.66397e+12 8.69554e+12 8.6087e+12 8.65607e+12 8.71625e+12 2.05384e+13
 4000 9.93247e+12 1.01403e+13 9.90066e+12 9.81501e+12 9.853e+12 9.75353e+12 9.80718e+12 9.88076e+12 2.3332e+13
 4400 1.11187e+13 1.13529e+13 1.10762e+13 1.09751e+13 1.10137e+13 1.09033e+13 1.0964e+13 1.10515e+13 2.61571e+13
 4800 1.23089e+13 1.257e+13 1.22561e+13 1.21406e+13 1.21768e+13 1.20561e+13 1.21245e+13 1.2226e+13 2.90032e+13
 5200 1.35021e+13 1.379e+13 1.34372e+13 1.33099e+13 1.33416e+13 1.32131e+13 1.32882e+13 1.34035e+13 3.18681e+13
 5600 1.46999e+13 1.50126e+13 1.46211e+13 1.44836e+13 1.45054e+13 1.4374e+13 1.44543e+13 1.45837e+13 3.47533e+13
 6000 1.59052e+13 1.62384e+13 1.58091e+13 1.56594e+13 1.56724e+13 1.55371e+13 1.5623e+13 1.57675e+13 3.76501e+13
 6400 1.71126e+13 1.7464e+13 1.69982e+13 1.68387e+13 1.6839e+13 1.6702e+13 1.67932e+13 1.69526e+13 4.05611e+13
 6800 1.83201e+13 1.86873e+13 1.81897e+13 1.8021e+13 1.80029e+13 1.78715e+13 1.79652e+13 1.81387e+13 4.34853e+13
 7200 1.95297e+13 1.99085e+13 1.93829e+13 1.92063e+13 1.91629e+13 1.90427e+13 1.91373e+13 1.93252e+13 4.64052e+13
 7600 2.07398e+13 2.11289e+13 2.058e+13 2.03932e+13 2.03192e+13 2.02135e+13 2.03086e+13 2.05117e+13 4.93182e+13
 8000 2.19524e+13 2.23488e+13 2.17813e+13 2.15814e+13 2.14712e+13 2.13846e+13 2.14791e+13 2.16985e+13 5.22295e+13
 8000 2.20504e+13 2.25163e+13 2.18867e+13 2.1443e+13 2.1165e+13 2.14243e+13 2.13441e+13 2.16669e+13 5.20406e+13
 16000 4.64979e+13 4.66993e+13 4.65016e+13 4.53504e+13 4.42479e+13 4.53677e+13 4.49887e+13 4.56197e+13 1.10673e+14
 24000 7.16095e+13 7.09733e+13 7.19644e+13 6.904e+13 6.7822e+13 6.92998e+13 6.87206e+13 6.98387e+13 1.71454e+14
 32000 9.69555e+13 9.63395e+13 9.85234e+13 9.25325e+13 9.10983e+13 9.4156e+13 9.25956e+13 9.44665e+13 2.31977e+14
 40000 1.21627e+14 1.21558e+14 1.24825e+14 1.15987e+14 1.14288e+14 1.19555e+14 1.1661e+14 1.19034e+14 2.94355e+14
 48000 1.45983e+14 1.47109e+14 1.50844e+14 1.39638e+14 1.37928e+14 1.44714e+14 1.4076e+14 1.43647e+14 3.57675e+14
 56000 1.7048e+14 1.72656e+14 1.75806e+14 1.63927e+14 1.61659e+14 1.69403e+14 1.64996e+14 1.6819e+14 4.20084e+14
 64000 1.94927e+14 1.97805e+14 2.00556e+14 1.87826e+14 1.85781e+14 1.93979e+14 1.89196e+14 1.92622e+14 4.83708e+14
 72000 2.19618e+14 2.22615e+14 2.24989e+14 2.11473e+14 2.10474e+14 2.18292e+14 2.13413e+14 2.17011e+14 5.45139e+14
 80000 2.44217e+14 2.47962e+14 2.49763e+14 2.35298e+14 2.34547e+14 2.42293e+14 2.37379e+14 2.41353e+14 6.08189e+14
 88000 2.68561e+14 2.73305e+14 2.74809e+14 2.59921e+14 2.57287e+14 2.66566e+14 2.61258e+14 2.65645e+14 6.71414e+14
 96000 2.92401e+14 2.98423e+14 2.99404e+14 2.84288e+14 2.80108e+14 2.90426e+14 2.84941e+14 2.89661e+14 7.3544e+14
 104000 3.15634e+14 3.23761e+14 3.24053e+14 3.1043e+14 3.03194e+14 3.14933e+14 3.09519e+14 3.14171e+14 7.9976e+14
 112000 3.38896e+14 3.49197e+14 3.4852e+14 3.36375e+14 3.2672e+14 3.40351e+14 3.34482e+14 3.38904e+14 8.65231e+14
 120000 3.61996e+14 3.75433e+14 3.73105e+14 3.62879e+14 3.50127e+14 3.65731e+14 3.59579e+14 3.63819e+14 9.31878e+14
 128000 3.85106e+14 4.02521e+14 3.97987e+14 3.88757e+14 3.73254e+14 3.90771e+14 3.84261e+14 3.88638e+14 1.00048e+15
 136000 4.08324e+14 4.29692e+14 4.22542e+14 4.14323e+14 3.96817e+14 4.16623e+14 4.09254e+14 4.13627e+14 1.06969e+15
 144000 4.31461e+14 4.56932e+14 4.47612e+14 4.40293e+14 4.20591e+14 4.42002e+14 4.34296e+14 4.38711e+14 1.14165e+15
 152000 4.55414e+14 4.84179e+14 4.72276e+14 4.67638e+14 4.45553e+14 4.68204e+14 4.60465e+14 4.64528e+14 1.21594e+15
 160000 4.79236e+14 5.11274e+14 4.96416e+14 4.95477e+14 4.70422e+14 4.93754e+14 4.86551e+14 4.90187e+14 1.29099e+15
 160000 5.28817e+14 5.02678e+14 4.96325e+14 5.0314e+14 4.68675e+14 5.02255e+14 4.91357e+14 4.98523e+14 1.25385e+15
 320000 1.05682e+15 1.05633e+15 1.03255e+15 1.09925e+15 1.02277e+15 1.08111e+15 1.06771e+15 1.06005e+15 2.69968e+15
 480000 1.6226e+15 1.55916e+15 1.51082e+15 1.70319e+15 1.50545e+15 1.67966e+15 1.62944e+15 1.60334e+15 4.18236e+15
 640000 2.14204e+15 2.10781e+15 1.89896e+15 2.19006e+15 1.94819e+15 2.23181e+15 2.12335e+15 2.09385e+15 5.55843e+15
 800000 2.7693e+15 2.75229e+15 2.31e+15 2.7218e+15 2.41018e+15 2.72294e+15 2.61831e+15 2.6152e+15 6.88834e+15
 960000 3.40989e+15 3.46039e+15 2.69141e+15 3.33346e+15 2.92173e+15 3.19784e+15 3.15101e+15 3.1655e+15 8.20795e+15
 1.12e+06 4.02494e+15 4.12963e+15 3.06536e+15 4.001e+15 3.38738e+15 3.66524e+15 3.68454e+15 3.70672e+15 9.59381e+15
 1.28e+06 4.58307e+15 4.76604e+15 3.40563e+15 4.76362e+15 3.80282e+15 4.05173e+15 4.20606e+15 4.22427e+15 1.11341e+16
 1.44e+06 5.19608e+15 5.49185e+15 3.82297e+15 5.56811e+15 4.22873e+15 4.49902e+15 4.76529e+15 4.79396e+15 1.28206e+16
 1.6e+06 5.86259e+15 6.29022e+15 4.22106e+15 6.34792e+15 4.67621e+15 4.97258e+15 5.33224e+15 5.38252e+15 1.43083e+16
 1.76e+06 6.59e+15 7.10384e+15 4.64944e+15 7.03546e+15 5.14189e+15 5.49436e+15 5.89057e+15 5.98011e+15 1.56302e+16
 1.92e+06 7.33201e+15 7.89502e+15 5.05955e+15 7.72785e+15 5.5619e+15 5.92735e+15 6.4057e+15 6.5483e+15 1.70056e+16
 2.08e+06 7.96566e+15 8.63588e+15 5.47945e+15 8.40425e+15 5.97035e+15 6.37253e+15 6.91571e+15 7.09356e+15 1.81957e+16
 2.24e+06 8.62907e+15 9.31747e+15 5.82333e+15 9.03449e+15 6.42243e+15 6.88795e+15 7.44829e+15 7.63829e+15 1.95293e+16
 2.4e+06 9.23313e+15 1.00046e+16 6.18651e+15 9.56878e+15 6.755e+15 7.38056e+15 7.90145e+15 8.13076e+15 2.08273e+16
 2.56e+06 9.84893e+15 1.07082e+16 6.66451e+15 1.01582e+16 7.06896e+15 7.9235e+15 8.38354e+15 8.65968e+15 2.19921e+16
 2.72e+06 1.04958e+16 1.14992e+16 7.11321e+15 1.06688e+16 7.41942e+15 8.47796e+15 8.85538e+15 9.19432e+15 2.32475e+16
 2.88e+06 1.12241e+16 1.228e+16 7.55407e+15 1.11799e+16 7.83505e+15 8.99273e+15 9.3359e+15 9.74263e+15 2.4344e+16
 3.04e+06 1.18945e+16 1.31076e+16 7.93943e+15 1.16455e+16 8.22316e+15 9.61049e+15 9.82638e+15 1.0288e+16 2.57617e+16
 3.2e+06 1.26163e+16 1.39358e+16 8.32473e+15 1.20146e+16 8.56223e+15 1.01665e+16 1.02478e+16 1.07989e+16 2.71982e+16
 3.2e+06 1.02237e+16 1.31173e+16 8.03613e+15 1.11228e+16 1.06217e+16 9.95618e+15 1.05669e+16 1.05238e+16 2.52788e+16
 6.4e+06 1.66271e+16 3.05361e+16 1.49655e+16 1.20937e+16 1.35556e+16 2.49932e+16 1.68808e+16 1.84123e+16 5.57504e+16
 9.6e+06 1.79281e+16 3.66373e+16 1.64691e+16 1.76851e+16 1.70458e+16 4.40329e+16 2.62546e+16 2.5224e+16 8.90401e+16
 1.28e+07 2.42499e+16 3.66629e+16 1.36871e+16 2.01197e+16 1.76603e+16 6.49295e+16 3.42365e+16 3.04886e+16 1.47004e+17
 1.6e+07 3.86795e+16 4.7252e+16 1.30623e+16 2.36123e+16 2.0175e+16 9.21955e+16 4.53276e+16 4.03957e+16 1.91807e+17
 1.92e+07 4.25157e+16 6.5776e+16 1.34899e+16 1.9324e+16 2.97108e+16 1.17398e+17 5.54777e+16 4.95242e+16 2.24233e+17
 2.24e+07 4.13251e+16 8.27863e+16 2.02581e+16 2.32117e+16 3.55201e+16 1.31118e+17 6.32834e+16 5.72193e+16 2.65702e+17
 2.56e+07 5.37564e+16 9.11803e+16 2.86361e+16 2.11528e+16 3.96979e+16 1.42875e+17 6.79085e+16 6.38882e+16 2.7767e+17
 2.88e+07 5.09938e+16 8.61745e+16 2.23046e+16 1.72425e+16 4.44968e+16 1.73134e+17 7.8291e+16 6.82376e+16 2.74262e+17
 3.2e+07 5.54594e+16 9.3787e+16 2.33998e+16 9.03871e+15 5.06858e+16 2.08025e+17 8.925e+16 7.65695e+16 2.99666e+17
 3.52e+07 4.98837e+16 1.15201e+17 3.30475e+16 1.09646e+16 5.80653e+16 2.20061e+17 9.63635e+16 8.42357e+16 3.1164e+17
 3.84e+07 6.69711e+16 1.45311e+17 3.3868e+16 5.04407e+15 8.06098e+16 2.07473e+17 9.77091e+16 9.14455e+16 3.10947e+17
 4.16e+07 6.58521e+16 1.74263e+17 4.09715e+16 9.70997e+15 9.59536e+16 1.93891e+17 9.98515e+16 9.73891e+16 3.45334e+17
 4.48e+07 4.43123e+16 1.45603e+17 4.72755e+16 1.66422e+16 1.08582e+17 1.81142e+17 1.02122e+17 9.28986e+16 3.45165e+17
 4.8e+07 4.61573e+16 1.61879e+17 5.2066e+16 1.5838e+16 1.28281e+17 1.54629e+17 9.95827e+16 9.443e+16 3.31251e+17
 5.12e+07 6.24211e+16 2.47179e+17 7.63412e+16 1.1975e+16 1.76771e+17 1.56313e+17 1.1502e+17 1.20471e+17 3.22361e+17
 5.44e+07 6.10051e+16 3.69926e+17 1.56768e+17 3.22633e+16 2.86035e+17 1.36194e+17 1.51498e+17 1.69258e+17 2.22275e+17
 5.76e+07 2.04988e+16 4.05248e+17 2.4346e+17 1.43727e+15 2.53471e+17 1.95367e+17 1.50092e+17 1.79283e+17 8.55357e+16
