#NOTE: MSDs should be divided by the temperature.
#NOTE: MSDs have been divided by 2 or 10 (i.e., the viscosity computed from all components).
#Time	MSD_xx	MSD_yy	MSD_zz	MSD_xy	MSD_xz	MSD_yz	MSD_off	MSD_all	MSD_bulkvisc
 20 5.58804e+09 5.55837e+09 5.5765e+09 5.58772e+09 5.61482e+09 5.63267e+09 5.61174e+09 5.59677e+09 6.9363e+09
 40 1.78684e+10 1.77401e+10 1.77996e+10 1.78717e+10 1.79736e+10 1.80247e+10 1.79567e+10 1.78951e+10 2.55269e+10
 60 3.22404e+10 3.194e+10 3.20379e+10 3.2243e+10 3.24767e+10 3.25217e+10 3.24138e+10 3.22774e+10 5.30501e+10
 80 4.67452e+10 4.62118e+10 4.63494e+10 4.67298e+10 4.71687e+10 4.71104e+10 4.7003e+10 4.6776e+10 8.75749e+10
 100 6.11813e+10 6.03749e+10 6.05506e+10 6.11418e+10 6.18572e+10 6.1575e+10 6.15247e+10 6.11957e+10 1.27494e+11
 120 7.65106e+10 7.54057e+10 7.56235e+10 7.64484e+10 7.7514e+10 7.69164e+10 7.69596e+10 7.65144e+10 1.71637e+11
 140 9.37527e+10 9.23274e+10 9.26025e+10 9.36967e+10 9.51709e+10 9.42143e+10 9.43606e+10 9.3774e+10 2.1927e+11
 160 1.13199e+11 1.11417e+11 1.11769e+11 1.132e+11 1.15123e+11 1.13796e+11 1.1404e+11 1.13275e+11 2.6983e+11
 180 1.34474e+11 1.32272e+11 1.32712e+11 1.34581e+11 1.36974e+11 1.35266e+11 1.35607e+11 1.34626e+11 3.22842e+11
 200 1.57034e+11 1.54346e+11 1.54882e+11 1.57291e+11 1.60197e+11 1.58055e+11 1.58514e+11 1.57277e+11 3.77937e+11
 220 1.80577e+11 1.77356e+11 1.77995e+11 1.8102e+11 1.84508e+11 1.81837e+11 1.82455e+11 1.8093e+11 4.34862e+11
 240 2.05124e+11 2.01335e+11 2.02082e+11 2.05764e+11 2.09896e+11 2.06596e+11 2.07419e+11 2.0559e+11 4.93468e+11
 260 2.30784e+11 2.26374e+11 2.27248e+11 2.31628e+11 2.36437e+11 2.32447e+11 2.33504e+11 2.31357e+11 5.5368e+11
 280 2.57558e+11 2.52456e+11 2.53492e+11 2.5863e+11 2.64129e+11 2.59411e+11 2.60724e+11 2.58235e+11 6.15469e+11
 300 2.85336e+11 2.79453e+11 2.8068e+11 2.86672e+11 2.92867e+11 2.87403e+11 2.88981e+11 2.86118e+11 6.78832e+11
 320 3.13975e+11 3.07234e+11 3.08668e+11 3.1561e+11 3.22531e+11 3.16291e+11 3.18144e+11 3.1487e+11 7.4377e+11
 340 3.43375e+11 3.35754e+11 3.37378e+11 3.4536e+11 3.53064e+11 3.45993e+11 3.48139e+11 3.44418e+11 8.10306e+11
 360 3.73519e+11 3.65034e+11 3.66819e+11 3.75906e+11 3.8446e+11 3.76487e+11 3.78951e+11 3.74754e+11 8.78476e+11
 380 4.04435e+11 3.95095e+11 3.97009e+11 4.07247e+11 4.16724e+11 4.07759e+11 4.10577e+11 4.05885e+11 9.4832e+11
 400 4.36142e+11 4.25895e+11 4.27947e+11 4.39375e+11 4.49833e+11 4.39788e+11 4.42999e+11 4.37797e+11 1.01985e+12
 400 4.36467e+11 4.25118e+11 4.2738e+11 4.40593e+11 4.49112e+11 4.36363e+11 4.42023e+11 4.37076e+11 1.02409e+12
 800 1.20323e+12 1.15979e+12 1.16827e+12 1.21519e+12 1.25253e+12 1.20629e+12 1.22467e+12 1.20564e+12 2.76418e+12
 1200 2.13648e+12 2.05333e+12 2.0715e+12 2.16383e+12 2.24084e+12 2.14506e+12 2.18324e+12 2.14479e+12 4.8726e+12
 1600 3.17244e+12 3.0477e+12 3.06796e+12 3.22282e+12 3.33063e+12 3.16784e+12 3.24043e+12 3.18267e+12 7.19669e+12
 2000 4.27512e+12 4.10667e+12 4.13118e+12 4.35645e+12 4.47821e+12 4.24051e+12 4.35839e+12 4.28343e+12 9.65209e+12
 2400 5.4128e+12 5.21214e+12 5.23409e+12 5.53974e+12 5.6629e+12 5.34139e+12 5.51468e+12 5.42334e+12 1.21929e+13
 2800 6.57349e+12 6.35178e+12 6.35682e+12 6.75757e+12 6.87128e+12 6.46108e+12 6.69664e+12 6.58893e+12 1.48064e+13
 3200 7.75519e+12 7.51955e+12 7.49311e+12 8.00672e+12 8.09736e+12 7.58554e+12 7.89654e+12 7.77364e+12 1.74965e+13
 3600 8.96016e+12 8.70464e+12 8.63594e+12 9.2768e+12 9.3414e+12 8.7095e+12 9.10923e+12 8.97231e+12 2.0249e+13
 4000 1.01855e+13 9.90275e+12 9.79095e+12 1.05607e+13 1.06062e+13 9.82712e+12 1.03314e+13 1.01827e+13 2.3038e+13
 4400 1.14289e+13 1.11117e+13 1.09581e+13 1.18483e+13 1.18931e+13 1.09414e+13 1.15609e+13 1.1403e+13 2.58464e+13
 4800 1.26855e+13 1.23307e+13 1.21376e+13 1.31352e+13 1.31974e+13 1.20486e+13 1.27937e+13 1.26301e+13 2.86639e+13
 5200 1.39518e+13 1.35482e+13 1.33254e+13 1.44154e+13 1.45212e+13 1.31581e+13 1.40316e+13 1.38623e+13 3.14921e+13
 5600 1.52214e+13 1.47628e+13 1.45171e+13 1.56815e+13 1.58654e+13 1.42622e+13 1.52697e+13 1.50953e+13 3.43188e+13
 6000 1.64862e+13 1.59643e+13 1.5707e+13 1.69408e+13 1.72195e+13 1.53604e+13 1.65069e+13 1.63251e+13 3.71503e+13
 6400 1.77588e+13 1.71568e+13 1.69046e+13 1.82029e+13 1.85875e+13 1.64462e+13 1.77455e+13 1.75567e+13 3.99822e+13
 6800 1.90278e+13 1.83317e+13 1.81046e+13 1.94665e+13 1.99655e+13 1.75237e+13 1.89853e+13 1.87864e+13 4.28088e+13
 7200 2.03e+13 1.94958e+13 1.93073e+13 2.07321e+13 2.13542e+13 1.85989e+13 2.02284e+13 2.00175e+13 4.56296e+13
 7600 2.1572e+13 2.06484e+13 2.05172e+13 2.2e+13 2.27534e+13 1.96658e+13 2.14731e+13 2.12489e+13 4.84534e+13
 8000 2.28491e+13 2.1794e+13 2.17377e+13 2.32684e+13 2.41563e+13 2.072e+13 2.27149e+13 2.24797e+13 5.12737e+13
 8000 2.27485e+13 2.14038e+13 2.23109e+13 2.31432e+13 2.35398e+13 2.01695e+13 2.22842e+13 2.22323e+13 5.18057e+13
 16000 4.87481e+13 4.41126e+13 4.83399e+13 4.99508e+13 5.30563e+13 4.23219e+13 4.8443e+13 4.78926e+13 1.0935e+14
 24000 7.48148e+13 6.55454e+13 7.43849e+13 7.75078e+13 8.14646e+13 6.50758e+13 7.46828e+13 7.34424e+13 1.63017e+14
 32000 1.0219e+14 8.913e+13 1.02736e+14 1.07638e+14 1.08433e+14 8.7418e+13 1.01163e+14 9.99052e+13 2.16355e+14
 40000 1.31647e+14 1.15689e+14 1.30673e+14 1.37302e+14 1.33574e+14 1.10692e+14 1.27189e+14 1.26715e+14 2.72505e+14
 48000 1.61242e+14 1.40064e+14 1.58796e+14 1.67788e+14 1.57763e+14 1.3299e+14 1.52847e+14 1.53055e+14 3.3321e+14
 56000 1.8981e+14 1.6279e+14 1.88401e+14 1.98581e+14 1.84362e+14 1.54111e+14 1.79018e+14 1.79544e+14 3.91036e+14
 64000 2.20752e+14 1.88297e+14 2.21069e+14 2.25078e+14 2.09208e+14 1.7238e+14 2.02222e+14 2.05349e+14 4.45463e+14
 72000 2.50513e+14 2.13616e+14 2.53843e+14 2.48216e+14 2.33265e+14 1.92155e+14 2.24546e+14 2.30457e+14 4.99404e+14
 80000 2.82347e+14 2.38811e+14 2.87684e+14 2.70276e+14 2.56549e+14 2.10847e+14 2.45891e+14 2.5538e+14 5.47767e+14
 88000 3.14758e+14 2.66292e+14 3.22013e+14 2.91574e+14 2.80138e+14 2.30471e+14 2.67394e+14 2.80845e+14 5.96937e+14
 96000 3.47587e+14 2.9553e+14 3.5573e+14 3.14952e+14 3.03528e+14 2.51167e+14 2.89882e+14 3.07109e+14 6.47353e+14
 104000 3.80717e+14 3.25998e+14 3.88266e+14 3.37303e+14 3.28093e+14 2.73976e+14 3.13124e+14 3.33872e+14 7.01473e+14
 112000 4.14707e+14 3.57658e+14 4.20633e+14 3.5751e+14 3.51887e+14 2.96585e+14 3.35327e+14 3.60263e+14 7.53458e+14
 120000 4.48601e+14 3.91559e+14 4.52519e+14 3.81077e+14 3.76009e+14 3.19575e+14 3.58887e+14 3.87689e+14 8.04667e+14
 128000 4.83031e+14 4.2654e+14 4.8478e+14 4.04296e+14 3.97659e+14 3.41382e+14 3.81112e+14 4.14581e+14 8.57088e+14
 136000 5.14006e+14 4.61988e+14 5.1577e+14 4.28429e+14 4.19544e+14 3.66013e+14 4.04662e+14 4.41699e+14 9.12427e+14
 144000 5.44515e+14 4.96607e+14 5.45036e+14 4.53813e+14 4.41007e+14 3.90965e+14 4.28595e+14 4.68645e+14 9.68596e+14
 152000 5.75884e+14 5.33808e+14 5.70839e+14 4.78936e+14 4.63629e+14 4.16536e+14 4.53034e+14 4.95891e+14 1.02464e+15
 160000 6.08609e+14 5.72874e+14 5.97961e+14 5.03524e+14 4.88322e+14 4.44749e+14 4.78865e+14 5.24578e+14 1.07787e+15
 160000 6.80183e+14 5.28857e+14 7.14111e+14 5.13055e+14 4.74883e+14 3.40325e+14 4.42755e+14 5.22073e+14 1.02141e+15
 320000 1.47585e+15 1.32191e+15 1.10669e+15 1.1882e+15 1.13572e+15 7.34594e+14 1.01951e+15 1.1323e+15 1.95443e+15
 480000 2.13859e+15 2.5297e+15 1.56558e+15 1.85279e+15 1.66457e+15 1.05565e+15 1.52434e+15 1.74578e+15 2.67788e+15
 640000 2.65351e+15 3.69774e+15 1.7727e+15 2.34611e+15 2.07094e+15 1.34107e+15 1.91937e+15 2.23482e+15 3.34313e+15
 800000 3.4205e+15 4.84678e+15 2.24226e+15 2.79308e+15 2.49403e+15 1.54941e+15 2.27884e+15 2.76858e+15 4.16616e+15
 960000 4.53168e+15 6.08762e+15 2.45036e+15 3.45694e+15 3.14048e+15 1.70885e+15 2.76876e+15 3.40387e+15 4.49325e+15
 1.12e+06 5.73015e+15 7.1231e+15 2.94578e+15 4.3419e+15 3.99185e+15 1.97332e+15 3.43569e+15 4.16795e+15 4.22401e+15
 1.28e+06 6.72751e+15 7.91432e+15 3.14583e+15 5.09184e+15 4.59106e+15 2.06854e+15 3.91715e+15 4.72198e+15 4.55066e+15
 1.44e+06 7.80097e+15 8.42962e+15 3.40975e+15 5.60735e+15 5.04327e+15 2.13117e+15 4.26059e+15 5.17507e+15 4.72947e+15
 1.6e+06 9.14078e+15 9.19043e+15 3.53814e+15 6.03251e+15 5.47204e+15 2.09956e+15 4.53471e+15 5.63674e+15 4.72885e+15
 1.76e+06 1.06778e+16 1.00508e+16 3.80833e+15 6.22726e+15 6.27596e+15 1.99823e+15 4.83381e+15 6.17187e+15 4.80166e+15
 1.92e+06 1.23139e+16 1.10351e+16 4.06766e+15 6.39701e+15 7.11184e+15 1.93627e+15 5.14837e+15 6.74457e+15 4.30346e+15
 2.08e+06 1.4189e+16 1.22907e+16 4.69918e+15 6.54943e+15 7.7607e+15 1.81465e+15 5.37493e+15 7.38214e+15 3.99331e+15
 2.24e+06 1.61475e+16 1.37872e+16 5.46881e+15 6.49054e+15 8.01617e+15 1.57863e+15 5.36178e+15 7.93754e+15 3.89586e+15
 2.4e+06 1.85679e+16 1.56975e+16 6.15868e+15 6.07557e+15 8.33754e+15 1.49642e+15 5.30318e+15 8.57178e+15 4.58354e+15
 2.56e+06 2.12859e+16 1.77662e+16 6.74979e+15 5.53172e+15 9.01717e+15 1.64254e+15 5.39714e+15 9.3452e+15 4.96335e+15
 2.72e+06 2.36885e+16 1.98347e+16 7.23527e+15 4.95184e+15 9.6228e+15 1.75381e+15 5.44282e+15 1.00335e+16 5.65639e+15
 2.88e+06 2.59036e+16 2.17197e+16 8.05826e+15 4.66152e+15 9.94975e+15 1.87855e+15 5.49661e+15 1.07222e+16 6.57416e+15
 3.04e+06 2.84571e+16 2.35223e+16 8.74568e+15 4.50563e+15 1.01445e+16 2.06938e+15 5.57318e+15 1.14406e+16 7.1879e+15
 3.2e+06 3.07202e+16 2.50665e+16 9.57757e+15 4.21582e+15 1.06042e+16 2.23579e+15 5.68526e+15 1.21264e+16 8.05061e+15
 3.2e+06 2.98152e+16 5.67385e+15 9.83726e+15 7.16693e+15 9.27474e+15 3.4727e+15 6.63812e+15 1.00264e+16 3.17336e+15
 6.4e+06 5.15273e+16 1.35721e+16 1.22096e+16 9.39097e+14 2.01934e+16 3.16378e+15 8.09875e+15 1.51671e+16 1.15219e+14
