#NOTE: MSDs should be divided by the temperature.
#NOTE: MSDs have been divided by 2 or 10 (i.e., the viscosity computed from all components).
#Time	MSD_xx	MSD_yy	MSD_zz	MSD_xy	MSD_xz	MSD_yz	MSD_off	MSD_all	MSD_bulkvisc
 10 1.52747e+09 1.52544e+09 1.52687e+09 1.5286e+09 1.52662e+09 1.52494e+09 1.52672e+09 1.52667e+09 1.79545e+09
 20 5.54362e+09 5.53557e+09 5.54122e+09 5.54762e+09 5.53944e+09 5.53417e+09 5.54041e+09 5.5403e+09 6.93446e+09
 30 1.12013e+10 1.11834e+10 1.11959e+10 1.12089e+10 1.11888e+10 1.11809e+10 1.11929e+10 1.11931e+10 1.49883e+10
 40 1.78028e+10 1.77726e+10 1.77952e+10 1.78135e+10 1.77746e+10 1.77679e+10 1.77853e+10 1.77873e+10 2.55747e+10
 50 2.48782e+10 2.48356e+10 2.48719e+10 2.48899e+10 2.4826e+10 2.48261e+10 2.48473e+10 2.48532e+10 3.8397e+10
 60 3.21511e+10 3.20979e+10 3.21512e+10 3.21591e+10 3.20671e+10 3.20806e+10 3.21023e+10 3.21147e+10 5.32076e+10
 70 3.94236e+10 3.93631e+10 3.94361e+10 3.9422e+10 3.9302e+10 3.93369e+10 3.93536e+10 3.93752e+10 6.97778e+10
 80 4.6619e+10 4.65547e+10 4.66487e+10 4.6602e+10 4.64557e+10 4.65184e+10 4.65254e+10 4.65582e+10 8.78942e+10
 90 5.37783e+10 5.37137e+10 5.38299e+10 5.37432e+10 5.35707e+10 5.3665e+10 5.36596e+10 5.37054e+10 1.07367e+11
 100 6.10146e+10 6.09523e+10 6.1092e+10 6.09597e+10 6.07606e+10 6.08881e+10 6.08695e+10 6.09295e+10 1.28032e+11
 110 6.84785e+10 6.84194e+10 6.85835e+10 6.84018e+10 6.81755e+10 6.83356e+10 6.83043e+10 6.83801e+10 1.49763e+11
 120 7.63261e+10 7.62679e+10 7.64575e+10 7.62241e+10 7.59708e+10 7.61597e+10 7.61182e+10 7.62111e+10 1.72461e+11
 130 8.46804e+10 8.46188e+10 8.48341e+10 8.45501e+10 8.42693e+10 8.44819e+10 8.44338e+10 8.45447e+10 1.96047e+11
 140 9.36073e+10 9.35365e+10 9.37786e+10 9.34459e+10 9.31385e+10 9.33684e+10 9.33176e+10 9.34469e+10 2.20446e+11
 150 1.03115e+11 1.03029e+11 1.03301e+11 1.0292e+11 1.02588e+11 1.0283e+11 1.02779e+11 1.02927e+11 2.45591e+11
 160 1.13166e+11 1.13056e+11 1.13366e+11 1.12932e+11 1.12579e+11 1.1283e+11 1.1278e+11 1.12947e+11 2.71419e+11
 170 1.23691e+11 1.23551e+11 1.23903e+11 1.23415e+11 1.23045e+11 1.23303e+11 1.23254e+11 1.23439e+11 2.97875e+11
 180 1.34612e+11 1.34436e+11 1.34832e+11 1.34292e+11 1.33907e+11 1.34172e+11 1.34124e+11 1.34325e+11 3.24907e+11
 190 1.45857e+11 1.45643e+11 1.46086e+11 1.45495e+11 1.45097e+11 1.45367e+11 1.4532e+11 1.45537e+11 3.52473e+11
 200 1.57377e+11 1.57124e+11 1.57615e+11 1.56977e+11 1.56562e+11 1.56838e+11 1.56792e+11 1.57024e+11 3.80536e+11
 200 1.57522e+11 1.57507e+11 1.57451e+11 1.56664e+11 1.56765e+11 1.56597e+11 1.56676e+11 1.57003e+11 3.8134e+11
 400 4.38454e+11 4.38674e+11 4.40069e+11 4.36826e+11 4.3612e+11 4.36185e+11 4.36377e+11 4.37452e+11 1.03033e+12
 600 7.94762e+11 7.96057e+11 7.99427e+11 7.91175e+11 7.89731e+11 7.91283e+11 7.9073e+11 7.93137e+11 1.84279e+12
 800 1.20657e+12 1.20874e+12 1.21548e+12 1.19817e+12 1.19885e+12 1.19975e+12 1.19892e+12 1.20346e+12 2.79086e+12
 1000 1.66051e+12 1.66397e+12 1.67388e+12 1.64329e+12 1.64881e+12 1.64796e+12 1.64668e+12 1.65446e+12 3.82839e+12
 1200 2.14577e+12 2.15223e+12 2.16234e+12 2.1183e+12 2.12994e+12 2.1246e+12 2.12428e+12 2.13595e+12 4.93551e+12
 1400 2.65611e+12 2.66719e+12 2.6744e+12 2.61417e+12 2.63576e+12 2.62236e+12 2.6241e+12 2.64082e+12 6.1007e+12
 1600 3.18604e+12 3.20243e+12 3.20602e+12 3.12611e+12 3.16107e+12 3.13741e+12 3.14153e+12 3.16418e+12 7.30813e+12
 1800 3.73152e+12 3.75421e+12 3.75287e+12 3.65069e+12 3.70002e+12 3.66502e+12 3.67191e+12 3.70163e+12 8.55037e+12
 2000 4.2892e+12 4.31927e+12 4.3135e+12 4.18397e+12 4.24958e+12 4.20264e+12 4.21206e+12 4.25017e+12 9.82362e+12
 2200 4.8568e+12 4.89433e+12 4.88679e+12 4.72291e+12 4.80874e+12 4.74985e+12 4.7605e+12 4.80802e+12 1.1126e+13
 2400 5.43066e+12 5.47712e+12 5.46912e+12 5.26693e+12 5.37757e+12 5.30488e+12 5.31646e+12 5.37346e+12 1.24489e+13
 2600 6.01068e+12 6.06617e+12 6.05938e+12 5.81526e+12 5.95389e+12 5.86584e+12 5.87833e+12 5.94516e+12 1.37895e+13
 2800 6.59605e+12 6.66067e+12 6.65653e+12 6.36721e+12 6.53594e+12 6.43122e+12 6.44479e+12 6.52198e+12 1.51442e+13
 3000 7.18591e+12 7.25875e+12 7.25963e+12 6.92213e+12 7.12493e+12 6.9986e+12 7.01522e+12 7.10304e+12 1.65151e+13
 3200 7.77938e+12 7.85867e+12 7.86911e+12 7.47991e+12 7.71974e+12 7.56811e+12 7.58925e+12 7.68784e+12 1.78984e+13
 3400 8.37705e+12 8.46148e+12 8.48397e+12 8.03935e+12 8.32048e+12 8.14073e+12 8.16685e+12 8.27644e+12 1.92901e+13
 3600 8.97971e+12 9.06601e+12 9.10297e+12 8.60048e+12 8.9252e+12 8.71633e+12 8.74733e+12 8.86823e+12 2.06907e+13
 3800 9.58706e+12 9.67166e+12 9.72414e+12 9.16152e+12 9.53406e+12 9.29453e+12 9.33004e+12 9.4624e+12 2.20982e+13
 4000 1.01993e+13 1.02797e+13 1.03482e+13 9.72467e+12 1.0147e+13 9.87416e+12 9.91528e+12 1.00595e+13 2.35102e+13
 4000 1.01213e+13 1.01699e+13 1.0185e+13 9.63299e+12 1.00174e+13 1.0022e+13 9.89082e+12 9.99798e+12 2.36137e+13
 8000 2.26285e+13 2.26402e+13 2.27824e+13 2.10792e+13 2.23389e+13 2.15598e+13 2.16593e+13 2.20691e+13 5.2151e+13
 12000 3.59369e+13 3.56498e+13 3.56474e+13 3.27769e+13 3.46601e+13 3.32128e+13 3.35499e+13 3.44279e+13 8.14765e+13
 16000 4.97018e+13 4.86607e+13 4.86144e+13 4.46314e+13 4.658e+13 4.54171e+13 4.55428e+13 4.69226e+13 1.11728e+14
 20000 6.45763e+13 6.20773e+13 6.1784e+13 5.61524e+13 5.83611e+13 5.80271e+13 5.75135e+13 5.96331e+13 1.42791e+14
 24000 8.021e+13 7.53358e+13 7.49227e+13 6.71924e+13 7.03154e+13 7.09484e+13 6.94854e+13 7.24204e+13 1.73036e+14
 28000 9.59066e+13 8.88125e+13 8.79419e+13 7.77977e+13 8.18313e+13 8.37662e+13 8.11317e+13 8.50338e+13 2.02314e+14
 32000 1.11188e+14 1.02047e+14 1.00263e+14 8.81633e+13 9.30424e+13 9.67323e+13 9.2646e+13 9.73873e+13 2.30497e+14
 36000 1.26073e+14 1.15076e+14 1.12683e+14 9.86385e+13 1.04216e+14 1.09694e+14 1.04183e+14 1.09687e+14 2.58498e+14
 40000 1.41273e+14 1.27634e+14 1.25516e+14 1.09156e+14 1.15356e+14 1.22302e+14 1.15605e+14 1.21952e+14 2.86549e+14
 44000 1.5671e+14 1.40127e+14 1.38395e+14 1.19041e+14 1.26504e+14 1.35057e+14 1.26867e+14 1.34151e+14 3.13982e+14
 48000 1.72965e+14 1.52456e+14 1.50972e+14 1.28713e+14 1.36852e+14 1.48027e+14 1.37864e+14 1.46238e+14 3.40886e+14
 52000 1.89185e+14 1.64905e+14 1.63986e+14 1.38427e+14 1.46486e+14 1.60784e+14 1.48566e+14 1.58216e+14 3.69214e+14
 56000 2.05672e+14 1.77704e+14 1.77539e+14 1.47648e+14 1.56467e+14 1.72747e+14 1.58954e+14 1.70161e+14 3.97305e+14
 60000 2.22011e+14 1.90411e+14 1.91873e+14 1.56397e+14 1.66724e+14 1.84378e+14 1.69166e+14 1.82072e+14 4.24825e+14
 64000 2.38318e+14 2.03196e+14 2.06872e+14 1.6508e+14 1.77625e+14 1.95976e+14 1.7956e+14 1.94188e+14 4.53329e+14
 68000 2.5486e+14 2.16134e+14 2.2151e+14 1.73678e+14 1.88629e+14 2.0709e+14 1.89799e+14 2.06213e+14 4.82205e+14
 72000 2.71008e+14 2.29378e+14 2.3545e+14 1.81632e+14 1.99874e+14 2.18057e+14 1.99854e+14 2.18024e+14 5.10843e+14
 76000 2.87154e+14 2.42787e+14 2.49251e+14 1.8893e+14 2.11314e+14 2.29211e+14 2.09818e+14 2.29783e+14 5.38564e+14
 80000 3.03129e+14 2.56561e+14 2.63089e+14 1.96028e+14 2.22515e+14 2.40837e+14 2.19793e+14 2.4158e+14 5.65137e+14
 80000 3.06688e+14 2.50389e+14 2.63538e+14 1.95583e+14 2.18052e+14 2.49248e+14 2.20961e+14 2.41992e+14 5.8486e+14
 160000 6.6313e+14 5.65123e+14 5.24113e+14 3.50177e+14 4.35644e+14 5.33793e+14 4.39872e+14 4.97572e+14 1.12798e+15
 240000 1.02834e+15 8.71482e+14 7.55524e+14 5.30321e+14 5.62902e+14 8.88425e+14 6.60549e+14 7.50376e+14 1.57293e+15
 320000 1.44573e+15 1.17147e+15 1.0304e+15 7.22806e+14 6.58413e+14 1.19699e+15 8.59404e+14 1.00199e+15 1.91303e+15
 400000 1.81267e+15 1.42432e+15 1.2627e+15 9.77815e+14 8.14526e+14 1.48297e+15 1.09177e+15 1.25502e+15 2.28496e+15
 480000 2.1215e+15 1.57824e+15 1.52605e+15 1.245e+15 9.26216e+14 1.76364e+15 1.31162e+15 1.48374e+15 2.78592e+15
 560000 2.40353e+15 1.71631e+15 1.77768e+15 1.54613e+15 1.02722e+15 1.98263e+15 1.51866e+15 1.69753e+15 3.13171e+15
 640000 2.63213e+15 1.85224e+15 1.90935e+15 1.84954e+15 1.12468e+15 2.18397e+15 1.7194e+15 1.88413e+15 3.39731e+15
 720000 2.8934e+15 2.00978e+15 2.00652e+15 2.19865e+15 1.21806e+15 2.41369e+15 1.94347e+15 2.08737e+15 3.79372e+15
 800000 3.14512e+15 2.22481e+15 2.13555e+15 2.54334e+15 1.34001e+15 2.61715e+15 2.16683e+15 2.30083e+15 4.27119e+15
 880000 3.35025e+15 2.35277e+15 2.22698e+15 2.90521e+15 1.42438e+15 2.89011e+15 2.40657e+15 2.50127e+15 4.82232e+15
 960000 3.62401e+15 2.48101e+15 2.34689e+15 3.22767e+15 1.43113e+15 3.14299e+15 2.6006e+15 2.68728e+15 5.35106e+15
 1.04e+06 3.84715e+15 2.58636e+15 2.45807e+15 3.59798e+15 1.46448e+15 3.46309e+15 2.84185e+15 2.89065e+15 5.81998e+15
 1.12e+06 3.98804e+15 2.60081e+15 2.56281e+15 4.02096e+15 1.53352e+15 3.71369e+15 3.08939e+15 3.07386e+15 6.25558e+15
 1.2e+06 4.18393e+15 2.57217e+15 2.67727e+15 4.48469e+15 1.61175e+15 3.93919e+15 3.34521e+15 3.26491e+15 6.65355e+15
 1.28e+06 4.3505e+15 2.63009e+15 2.73085e+15 4.96441e+15 1.6942e+15 4.11909e+15 3.59257e+15 3.4504e+15 6.95928e+15
 1.36e+06 4.51784e+15 2.67894e+15 2.72913e+15 5.46386e+15 1.77404e+15 4.24656e+15 3.82815e+15 3.62034e+15 7.16244e+15
 1.44e+06 4.69864e+15 2.74875e+15 2.67674e+15 5.95593e+15 1.8665e+15 4.35676e+15 4.05973e+15 3.78572e+15 7.31291e+15
 1.52e+06 4.79345e+15 2.82768e+15 2.5562e+15 6.47261e+15 1.99767e+15 4.47948e+15 4.31659e+15 3.94693e+15 7.50275e+15
 1.6e+06 4.84445e+15 2.83805e+15 2.46633e+15 7.021e+15 2.11226e+15 4.61139e+15 4.58155e+15 4.10211e+15 7.7216e+15
 1.6e+06 6.35238e+15 5.09007e+15 4.81332e+15 6.67847e+15 2.23908e+15 5.75403e+15 4.89053e+15 5.10175e+15 1.08851e+16
 3.2e+06 7.36093e+15 7.42239e+15 4.78089e+15 1.60126e+16 4.18053e+15 1.1349e+16 1.0514e+16 8.91699e+15 1.77912e+16
 4.8e+06 4.80026e+15 8.95118e+15 6.9502e+15 2.1509e+16 3.59734e+15 1.6562e+16 1.38894e+16 1.10939e+16 2.17725e+16
 6.4e+06 7.42099e+15 1.2268e+16 8.24215e+15 2.66786e+16 5.35579e+15 2.14891e+16 1.78412e+16 1.44288e+16 1.94139e+16
 8e+06 7.48132e+15 4.37424e+15 9.04008e+15 1.63663e+16 1.02606e+16 2.47525e+16 1.71265e+16 1.3062e+16 1.90742e+16
 9.6e+06 5.21456e+15 3.07858e+15 4.49069e+15 8.23249e+15 1.01905e+16 3.72964e+16 1.85731e+16 1.28484e+16 3.09276e+16
 1.12e+07 1.14911e+16 5.88947e+15 8.39102e+15 1.74048e+16 7.08437e+15 6.04634e+16 2.83175e+16 2.04267e+16 2.4213e+16
 1.28e+07 1.40546e+16 5.04337e+15 7.60169e+15 3.58685e+16 1.21907e+16 7.40996e+16 4.07196e+16 2.79917e+16 1.70501e+16
 1.44e+07 2.34902e+15 1.97297e+16 8.46325e+15 6.85919e+16 1.28587e+16 4.70439e+16 4.28315e+16 2.97712e+16 1.33533e+15
