#NOTE: MSDs should be divided by the temperature.
#NOTE: MSDs have been divided by 2 or 10 (i.e., the viscosity computed from all components).
#Time	MSD_xx	MSD_yy	MSD_zz	MSD_xy	MSD_xz	MSD_yz	MSD_off	MSD_all	MSD_bulkvisc
 20 5.59481e+09 5.59711e+09 5.59873e+09 5.58909e+09 5.59002e+09 5.58433e+09 5.58781e+09 5.59144e+09 6.94926e+09
 40 1.78824e+10 1.78958e+10 1.78976e+10 1.78632e+10 1.78607e+10 1.78433e+10 1.78558e+10 1.78702e+10 2.55794e+10
 60 3.2235e+10 3.22755e+10 3.2274e+10 3.22028e+10 3.21984e+10 3.21552e+10 3.21855e+10 3.22159e+10 5.31697e+10
 80 4.66824e+10 4.67639e+10 4.67517e+10 4.66371e+10 4.66438e+10 4.65556e+10 4.66121e+10 4.66604e+10 8.77781e+10
 100 6.10407e+10 6.11706e+10 6.11422e+10 6.09803e+10 6.10086e+10 6.0857e+10 6.09486e+10 6.10163e+10 1.27799e+11
 120 7.62852e+10 7.64763e+10 7.64235e+10 7.62126e+10 7.62732e+10 7.60348e+10 7.61735e+10 7.62621e+10 1.72069e+11
 140 9.3456e+10 9.37265e+10 9.36383e+10 9.33729e+10 9.34797e+10 9.3124e+10 9.33255e+10 9.34381e+10 2.19852e+11
 160 1.1285e+11 1.13228e+11 1.13091e+11 1.12767e+11 1.12931e+11 1.12426e+11 1.12708e+11 1.12847e+11 2.7058e+11
 180 1.34077e+11 1.3459e+11 1.34396e+11 1.34008e+11 1.34245e+11 1.33559e+11 1.33938e+11 1.34104e+11 3.23774e+11
 200 1.56598e+11 1.57261e+11 1.57008e+11 1.56559e+11 1.56876e+11 1.55982e+11 1.56472e+11 1.56666e+11 3.79051e+11
 220 1.80114e+11 1.80943e+11 1.80627e+11 1.80121e+11 1.80522e+11 1.79395e+11 1.80013e+11 1.80232e+11 4.36147e+11
 240 2.04616e+11 2.05627e+11 2.05236e+11 2.04686e+11 2.0516e+11 2.03781e+11 2.04543e+11 2.04789e+11 4.94915e+11
 260 2.30194e+11 2.31397e+11 2.30908e+11 2.30335e+11 2.30873e+11 2.29223e+11 2.30143e+11 2.30419e+11 5.55287e+11
 280 2.56856e+11 2.58258e+11 2.57651e+11 2.57068e+11 2.57668e+11 2.55724e+11 2.5682e+11 2.57127e+11 6.17234e+11
 300 2.84498e+11 2.86112e+11 2.85375e+11 2.84772e+11 2.85448e+11 2.83188e+11 2.84469e+11 2.84813e+11 6.80745e+11
 320 3.12992e+11 3.1484e+11 3.13959e+11 3.13311e+11 3.14091e+11 3.11488e+11 3.12963e+11 3.1335e+11 7.45822e+11
 340 3.42258e+11 3.44363e+11 3.43326e+11 3.4262e+11 3.43519e+11 3.40555e+11 3.42231e+11 3.42665e+11 8.1248e+11
 360 3.72281e+11 3.74666e+11 3.73462e+11 3.72692e+11 3.73716e+11 3.70377e+11 3.72261e+11 3.72745e+11 8.80741e+11
 380 4.03065e+11 4.05756e+11 4.04378e+11 4.03541e+11 4.04688e+11 4.00963e+11 4.03064e+11 4.03598e+11 9.50631e+11
 400 4.34606e+11 4.3762e+11 4.3606e+11 4.35165e+11 4.36423e+11 4.32302e+11 4.3463e+11 4.35216e+11 1.02217e+12
 400 4.35008e+11 4.37023e+11 4.35397e+11 4.35583e+11 4.36362e+11 4.31302e+11 4.34416e+11 4.34973e+11 1.023e+12
 800 1.19101e+12 1.20236e+12 1.19338e+12 1.19353e+12 1.19673e+12 1.18307e+12 1.19111e+12 1.1929e+12 2.76592e+12
 1200 2.11002e+12 2.13335e+12 2.11143e+12 2.11243e+12 2.11683e+12 2.09401e+12 2.10776e+12 2.11196e+12 4.89069e+12
 1600 3.12122e+12 3.16346e+12 3.12266e+12 3.1233e+12 3.12638e+12 3.09312e+12 3.11426e+12 3.12287e+12 7.25155e+12
 2000 4.19128e+12 4.25353e+12 4.1942e+12 4.18935e+12 4.19259e+12 4.14651e+12 4.17615e+12 4.19089e+12 9.75732e+12
 2400 5.29911e+12 5.38175e+12 5.302e+12 5.2894e+12 5.29474e+12 5.23414e+12 5.27276e+12 5.2947e+12 1.23657e+13
 2800 6.43416e+12 6.53726e+12 6.43754e+12 6.41038e+12 6.42297e+12 6.34478e+12 6.39271e+12 6.42349e+12 1.50367e+13
 3200 7.58886e+12 7.70964e+12 7.59137e+12 7.54749e+12 7.56635e+12 7.46947e+12 7.52777e+12 7.56864e+12 1.77515e+13
 3600 8.75713e+12 8.89916e+12 8.75762e+12 8.69684e+12 8.71946e+12 8.60331e+12 8.67321e+12 8.72578e+12 2.05014e+13
 4000 9.93837e+12 1.01002e+13 9.93225e+12 9.85498e+12 9.87879e+12 9.74584e+12 9.82654e+12 9.89204e+12 2.32824e+13
 4400 1.11283e+13 1.13083e+13 1.11134e+13 1.10222e+13 1.10423e+13 1.08937e+13 1.09861e+13 1.1065e+13 2.60929e+13
 4800 1.23229e+13 1.25212e+13 1.22996e+13 1.21951e+13 1.22097e+13 1.20441e+13 1.21496e+13 1.22423e+13 2.89217e+13
 5200 1.35207e+13 1.37368e+13 1.34876e+13 1.33724e+13 1.33802e+13 1.31985e+13 1.3317e+13 1.34229e+13 3.1767e+13
 5600 1.47232e+13 1.49562e+13 1.46795e+13 1.45542e+13 1.45504e+13 1.43571e+13 1.44872e+13 1.46068e+13 3.46302e+13
 6000 1.59328e+13 1.61791e+13 1.58755e+13 1.57381e+13 1.57245e+13 1.5519e+13 1.56606e+13 1.57947e+13 3.75027e+13
 6400 1.7144e+13 1.74028e+13 1.70715e+13 1.69247e+13 1.68985e+13 1.66834e+13 1.68355e+13 1.69838e+13 4.03879e+13
 6800 1.83542e+13 1.86245e+13 1.82693e+13 1.81132e+13 1.80696e+13 1.78522e+13 1.80117e+13 1.81734e+13 4.32847e+13
 7200 1.95653e+13 1.98453e+13 1.94694e+13 1.93043e+13 1.92365e+13 1.90224e+13 1.91878e+13 1.93633e+13 4.61752e+13
 7600 2.07773e+13 2.10664e+13 2.06741e+13 2.04959e+13 2.03989e+13 2.0192e+13 2.03623e+13 2.05531e+13 4.90581e+13
 8000 2.19918e+13 2.22878e+13 2.1883e+13 2.1688e+13 2.15562e+13 2.13613e+13 2.15352e+13 2.17428e+13 5.19373e+13
 8000 2.21231e+13 2.24737e+13 2.19773e+13 2.15754e+13 2.12653e+13 2.12772e+13 2.13726e+13 2.17001e+13 5.18622e+13
 16000 4.66488e+13 4.67822e+13 4.68778e+13 4.57332e+13 4.45161e+13 4.5142e+13 4.51304e+13 4.57861e+13 1.09676e+14
 24000 7.18333e+13 7.13105e+13 7.26205e+13 6.96959e+13 6.82535e+13 6.8992e+13 6.89804e+13 7.01568e+13 1.69624e+14
 32000 9.71726e+13 9.68743e+13 9.96108e+13 9.34148e+13 9.17475e+13 9.37345e+13 9.29656e+13 9.49337e+13 2.29562e+14
 40000 1.21969e+14 1.22347e+14 1.26272e+14 1.17284e+14 1.15079e+14 1.18778e+14 1.17047e+14 1.1964e+14 2.91433e+14
 48000 1.46595e+14 1.47947e+14 1.52533e+14 1.41407e+14 1.38864e+14 1.43501e+14 1.41257e+14 1.44365e+14 3.53649e+14
 56000 1.71391e+14 1.73677e+14 1.77721e+14 1.66119e+14 1.62463e+14 1.67629e+14 1.65404e+14 1.68947e+14 4.14699e+14
 64000 1.96112e+14 1.99039e+14 2.02542e+14 1.90651e+14 1.86304e+14 1.91514e+14 1.8949e+14 1.93386e+14 4.76813e+14
 72000 2.2096e+14 2.24193e+14 2.26968e+14 2.14862e+14 2.10803e+14 2.15156e+14 2.13607e+14 2.1778e+14 5.3642e+14
 80000 2.45974e+14 2.49988e+14 2.51806e+14 2.39171e+14 2.34764e+14 2.38537e+14 2.37491e+14 2.42197e+14 5.97475e+14
 88000 2.70774e+14 2.75796e+14 2.77021e+14 2.64324e+14 2.57856e+14 2.62166e+14 2.61449e+14 2.66681e+14 6.58606e+14
 96000 2.94961e+14 3.01331e+14 3.01747e+14 2.89246e+14 2.81128e+14 2.85513e+14 2.85296e+14 2.90916e+14 7.20202e+14
 104000 3.18471e+14 3.26961e+14 3.26474e+14 3.15757e+14 3.04807e+14 3.0941e+14 3.09991e+14 3.15582e+14 7.82045e+14
 112000 3.41883e+14 3.52574e+14 3.51042e+14 3.42208e+14 3.28874e+14 3.34068e+14 3.3505e+14 3.4043e+14 8.45023e+14
 120000 3.65074e+14 3.78924e+14 3.75721e+14 3.69126e+14 3.52711e+14 3.58323e+14 3.60053e+14 3.65328e+14 9.0937e+14
 128000 3.88141e+14 4.05895e+14 4.0067e+14 3.95437e+14 3.76301e+14 3.82192e+14 3.84643e+14 3.9008e+14 9.75033e+14
 136000 4.1124e+14 4.32967e+14 4.25471e+14 4.21418e+14 4.00142e+14 4.07008e+14 4.09523e+14 4.15004e+14 1.04081e+15
 144000 4.34369e+14 4.60008e+14 4.5078e+14 4.47744e+14 4.23967e+14 4.31468e+14 4.34393e+14 4.3999e+14 1.10908e+15
 152000 4.58448e+14 4.87219e+14 4.75614e+14 4.75594e+14 4.49094e+14 4.56666e+14 4.60451e+14 4.65775e+14 1.17964e+15
 160000 4.8241e+14 5.14518e+14 5.00118e+14 5.03803e+14 4.74011e+14 4.81284e+14 4.86366e+14 4.91426e+14 1.25125e+15
 160000 5.30534e+14 5.0153e+14 4.9991e+14 5.08802e+14 4.73874e+14 4.84896e+14 4.89191e+14 4.97778e+14 1.21938e+15
 320000 1.06361e+15 1.04302e+15 1.04316e+15 1.12182e+15 1.01636e+15 1.0347e+15 1.05763e+15 1.05455e+15 2.60808e+15
 480000 1.61651e+15 1.516e+15 1.5331e+15 1.72899e+15 1.50214e+15 1.60617e+15 1.61243e+15 1.58954e+15 4.03143e+15
 640000 2.12585e+15 2.03961e+15 1.95085e+15 2.2586e+15 1.96578e+15 2.12111e+15 2.11516e+15 2.08461e+15 5.39537e+15
 800000 2.74564e+15 2.66153e+15 2.3791e+15 2.85887e+15 2.46207e+15 2.58772e+15 2.63622e+15 2.6199e+15 6.65753e+15
 960000 3.37276e+15 3.32602e+15 2.78428e+15 3.52152e+15 3.00439e+15 3.04165e+15 3.18919e+15 3.17792e+15 7.93065e+15
 1.12e+06 3.9789e+15 3.95772e+15 3.16014e+15 4.2525e+15 3.48935e+15 3.49232e+15 3.74472e+15 3.7264e+15 9.32309e+15
 1.28e+06 4.52309e+15 4.56569e+15 3.52364e+15 5.0683e+15 3.90348e+15 3.8611e+15 4.27762e+15 4.24823e+15 1.08366e+16
 1.44e+06 5.10431e+15 5.21589e+15 3.94073e+15 5.89178e+15 4.36504e+15 4.30258e+15 4.85313e+15 4.81334e+15 1.24969e+16
 1.6e+06 5.72779e+15 5.96047e+15 4.33359e+15 6.69516e+15 4.84321e+15 4.76037e+15 5.43291e+15 5.39599e+15 1.40836e+16
 1.76e+06 6.42692e+15 6.74483e+15 4.75144e+15 7.41068e+15 5.29464e+15 5.26335e+15 5.98956e+15 5.9835e+15 1.54301e+16
 1.92e+06 7.13811e+15 7.47545e+15 5.16138e+15 8.11107e+15 5.72948e+15 5.68045e+15 6.507e+15 6.54086e+15 1.68021e+16
 2.08e+06 7.72761e+15 8.15076e+15 5.5878e+15 8.78516e+15 6.1662e+15 6.11769e+15 7.02302e+15 7.07597e+15 1.80206e+16
 2.24e+06 8.34176e+15 8.80313e+15 5.9374e+15 9.42352e+15 6.63721e+15 6.60143e+15 7.55405e+15 7.61007e+15 1.94301e+16
 2.4e+06 8.90491e+15 9.46052e+15 6.30795e+15 9.96983e+15 7.00201e+15 7.06764e+15 8.01316e+15 8.09768e+15 2.09145e+16
 2.56e+06 9.46783e+15 1.01035e+16 6.7816e+15 1.05435e+16 7.35654e+15 7.58392e+15 8.49467e+15 8.61053e+15 2.23279e+16
 2.72e+06 1.00471e+16 1.08364e+16 7.22119e+15 1.10228e+16 7.73385e+15 8.11141e+15 8.95602e+15 9.1209e+15 2.38494e+16
 2.88e+06 1.07064e+16 1.15874e+16 7.65116e+15 1.14877e+16 8.15186e+15 8.58261e+15 9.40739e+15 9.63709e+15 2.53109e+16
 3.04e+06 1.1307e+16 1.23464e+16 8.02594e+15 1.18879e+16 8.47676e+15 9.15798e+15 9.84088e+15 1.01284e+16 2.69796e+16
 3.2e+06 1.1948e+16 1.31278e+16 8.41257e+15 1.22426e+16 8.75315e+15 9.6719e+15 1.02226e+16 1.05987e+16 2.87131e+16
 3.2e+06 9.41592e+15 1.21621e+16 7.3257e+15 1.14427e+16 1.04482e+16 9.0346e+15 1.03085e+16 1.00389e+16 3.03707e+16
 6.4e+06 1.60821e+16 2.76235e+16 1.40065e+16 1.44557e+16 1.24069e+16 2.23695e+16 1.64107e+16 1.75414e+16 7.25681e+16
 9.6e+06 1.93295e+16 3.39558e+16 1.78419e+16 1.57785e+16 1.66315e+16 3.9352e+16 2.39207e+16 2.3836e+16 1.09748e+17
 1.28e+07 2.39909e+16 3.45044e+16 1.84401e+16 1.8832e+16 1.94519e+16 5.91436e+16 3.24758e+16 2.97436e+16 1.57444e+17
 1.6e+07 3.5782e+16 4.30553e+16 1.87107e+16 2.40999e+16 1.84359e+16 8.53832e+16 4.26396e+16 3.85902e+16 1.79291e+17
 1.92e+07 4.48449e+16 5.77979e+16 1.74719e+16 2.23255e+16 2.70191e+16 1.10095e+17 5.31466e+16 4.79033e+16 1.92951e+17
 2.24e+07 4.61612e+16 7.32658e+16 2.22702e+16 2.56798e+16 3.22204e+16 1.33091e+17 6.36636e+16 5.70911e+16 2.2718e+17
 2.56e+07 4.98218e+16 7.75939e+16 2.73833e+16 2.55994e+16 3.92611e+16 1.58812e+17 7.45576e+16 6.53744e+16 2.44315e+17
 2.88e+07 4.75019e+16 7.34311e+16 2.96964e+16 1.80757e+16 4.43373e+16 1.87496e+17 8.3303e+16 7.00657e+16 2.50143e+17
 3.2e+07 5.45218e+16 7.87307e+16 3.74679e+16 1.71361e+16 4.48013e+16 2.10875e+17 9.09375e+16 7.73252e+16 2.64053e+17
 3.52e+07 5.0969e+16 9.2523e+16 4.11744e+16 1.48118e+16 5.22437e+16 2.34227e+17 1.00428e+17 8.48787e+16 2.66585e+17
 3.84e+07 6.55678e+16 1.13509e+17 3.71252e+16 7.99209e+15 7.06928e+16 2.58442e+17 1.12376e+17 9.62524e+16 2.55841e+17
 4.16e+07 6.08239e+16 1.31812e+17 4.35683e+16 9.09834e+15 8.48336e+16 2.69505e+17 1.21146e+17 1.04181e+17 2.64643e+17
 4.48e+07 3.96028e+16 1.12674e+17 5.23428e+16 1.4428e+16 9.22476e+16 2.55916e+17 1.20864e+17 9.9801e+16 2.58543e+17
 4.8e+07 3.18151e+16 1.35118e+17 6.26522e+16 1.23064e+16 1.04823e+17 2.32712e+17 1.16614e+17 1.0058e+17 2.44196e+17
 5.12e+07 3.76599e+16 1.88427e+17 8.23777e+16 8.94798e+15 1.29866e+17 2.2572e+17 1.21511e+17 1.14035e+17 2.07524e+17
 5.44e+07 3.1546e+16 2.29944e+17 1.14863e+17 3.0294e+16 1.92637e+17 1.78916e+17 1.33949e+17 1.3055e+17 1.16249e+17
 5.76e+07 1.0402e+16 2.36534e+17 1.49245e+17 2.2368e+16 2.15493e+17 1.51693e+17 1.29851e+17 1.30735e+17 4.63889e+16
 6.08e+07 2.08489e+16 3.07994e+17 1.73588e+17 1.52693e+16 2.53933e+17 1.40078e+17 1.36427e+17 1.48847e+17 1.3339e+16
 6.4e+07 2.40043e+16 3.48141e+17 1.89313e+17 6.48035e+16 2.54011e+17 1.93311e+17 1.70708e+17 1.77286e+17 4.11229e+15
 6.4e+07 2.40043e+16 3.48141e+17 1.89313e+17 6.48035e+16 2.54011e+17 1.93311e+17 1.70708e+17 1.77286e+17 4.11229e+15
