#NOTE: MSDs should be divided by the temperature.
#NOTE: MSDs have been divided by 2 or 10 (i.e., the viscosity computed from all components).
#Time	MSD_xx	MSD_yy	MSD_zz	MSD_xy	MSD_xz	MSD_yz	MSD_off	MSD_all	MSD_bulkvisc
 20 5.5799e+09 5.57644e+09 5.59218e+09 5.59038e+09 5.6114e+09 5.60686e+09 5.60288e+09 5.59486e+09 6.93129e+09
 40 1.78331e+10 1.78145e+10 1.7861e+10 1.78723e+10 1.79478e+10 1.79397e+10 1.792e+10 1.78865e+10 2.55084e+10
 60 3.2153e+10 3.21103e+10 3.21681e+10 3.22351e+10 3.23923e+10 3.23762e+10 3.23345e+10 3.22582e+10 5.30193e+10
 80 4.65692e+10 4.64995e+10 4.65379e+10 4.67137e+10 4.69798e+10 4.69327e+10 4.68754e+10 4.67395e+10 8.75318e+10
 100 6.08865e+10 6.07933e+10 6.07804e+10 6.11225e+10 6.15171e+10 6.14075e+10 6.1349e+10 6.11374e+10 1.27439e+11
 120 7.60679e+10 7.59647e+10 7.58745e+10 7.64296e+10 7.69853e+10 7.6783e+10 7.67326e+10 7.64272e+10 1.71575e+11
 140 9.31466e+10 9.30446e+10 9.2878e+10 9.36655e+10 9.44293e+10 9.41093e+10 9.4068e+10 9.365e+10 2.19207e+11
 160 1.12433e+11 1.12336e+11 1.1211e+11 1.13128e+11 1.14161e+11 1.13701e+11 1.13663e+11 1.13115e+11 2.69774e+11
 180 1.33556e+11 1.3345e+11 1.33184e+11 1.34431e+11 1.35783e+11 1.35181e+11 1.35132e+11 1.34438e+11 3.22802e+11
 200 1.55971e+11 1.55838e+11 1.55555e+11 1.57035e+11 1.58746e+11 1.58003e+11 1.57928e+11 1.57072e+11 3.77911e+11
 220 1.79367e+11 1.79196e+11 1.78911e+11 1.80646e+11 1.82752e+11 1.81852e+11 1.8175e+11 1.80713e+11 4.34844e+11
 240 2.03727e+11 2.03522e+11 2.03247e+11 2.0526e+11 2.07795e+11 2.06697e+11 2.06584e+11 2.0535e+11 4.93459e+11
 260 2.29142e+11 2.28899e+11 2.28657e+11 2.30966e+11 2.33959e+11 2.32616e+11 2.32514e+11 2.31068e+11 5.53691e+11
 280 2.55617e+11 2.55322e+11 2.55139e+11 2.57769e+11 2.61249e+11 2.59626e+11 2.59548e+11 2.57873e+11 6.15515e+11
 300 2.83063e+11 2.82686e+11 2.82578e+11 2.85571e+11 2.89555e+11 2.87648e+11 2.87591e+11 2.85665e+11 6.78921e+11
 320 3.11354e+11 3.10874e+11 3.10849e+11 3.14245e+11 3.18754e+11 3.1657e+11 3.16523e+11 3.14324e+11 7.43901e+11
 340 3.40406e+11 3.39833e+11 3.39879e+11 3.43709e+11 3.48777e+11 3.46312e+11 3.46266e+11 3.43775e+11 8.10463e+11
 360 3.70195e+11 3.69564e+11 3.69656e+11 3.73942e+11 3.79615e+11 3.76858e+11 3.76805e+11 3.74005e+11 8.78627e+11
 380 4.00744e+11 4.00072e+11 4.00194e+11 4.04941e+11 4.11275e+11 4.08212e+11 4.08143e+11 4.0502e+11 9.48417e+11
 400 4.32064e+11 4.31324e+11 4.31487e+11 4.36689e+11 4.43747e+11 4.40355e+11 4.40263e+11 4.36808e+11 1.01985e+12
 400 4.31768e+11 4.29963e+11 4.30429e+11 4.36427e+11 4.43427e+11 4.39528e+11 4.39794e+11 4.36164e+11 1.02376e+12
 800 1.18693e+12 1.17484e+12 1.18143e+12 1.19726e+12 1.22604e+12 1.21269e+12 1.212e+12 1.19963e+12 2.76894e+12
 1200 2.10264e+12 2.07906e+12 2.09234e+12 2.12113e+12 2.17814e+12 2.15708e+12 2.15212e+12 2.12781e+12 4.89556e+12
 1600 3.10898e+12 3.07175e+12 3.09526e+12 3.14222e+12 3.22785e+12 3.19512e+12 3.1884e+12 3.14984e+12 7.25116e+12
 2000 4.17343e+12 4.12051e+12 4.15904e+12 4.22406e+12 4.33666e+12 4.29172e+12 4.28415e+12 4.23089e+12 9.75646e+12
 2400 5.27436e+12 5.20578e+12 5.26714e+12 5.34535e+12 5.48564e+12 5.42473e+12 5.41857e+12 5.35078e+12 1.23585e+13
 2800 6.39684e+12 6.31647e+12 6.40073e+12 6.49501e+12 6.66564e+12 6.58295e+12 6.5812e+12 6.49726e+12 1.50274e+13
 3200 7.5326e+12 7.44519e+12 7.54846e+12 7.67027e+12 7.86915e+12 7.75704e+12 7.76548e+12 7.66279e+12 1.77497e+13
 3600 8.68144e+12 8.58791e+12 8.70703e+12 8.86273e+12 9.09303e+12 8.94041e+12 8.96539e+12 8.84275e+12 2.05174e+13
 4000 9.84194e+12 9.74597e+12 9.87443e+12 1.00684e+13 1.03311e+13 1.01216e+13 1.01737e+13 1.00325e+13 2.33076e+13
 4400 1.10092e+13 1.09171e+13 1.10486e+13 1.12859e+13 1.15842e+13 1.12984e+13 1.13895e+13 1.12304e+13 2.61209e+13
 4800 1.21847e+13 1.20949e+13 1.2228e+13 1.25112e+13 1.28481e+13 1.24645e+13 1.26079e+13 1.24324e+13 2.89493e+13
 5200 1.33664e+13 1.32771e+13 1.34093e+13 1.3738e+13 1.4125e+13 1.36289e+13 1.38306e+13 1.36388e+13 3.17959e+13
 5600 1.455e+13 1.44605e+13 1.45906e+13 1.49626e+13 1.5419e+13 1.47891e+13 1.50569e+13 1.48476e+13 3.46432e+13
 6000 1.57339e+13 1.56436e+13 1.57691e+13 1.61877e+13 1.67246e+13 1.59483e+13 1.62869e+13 1.60583e+13 3.74913e+13
 6400 1.69196e+13 1.68288e+13 1.69449e+13 1.74143e+13 1.80431e+13 1.71039e+13 1.75204e+13 1.72713e+13 4.0346e+13
 6800 1.81009e+13 1.80066e+13 1.81167e+13 1.86419e+13 1.93717e+13 1.82597e+13 1.87578e+13 1.84845e+13 4.32132e+13
 7200 1.92823e+13 1.91755e+13 1.92854e+13 1.98737e+13 2.0713e+13 1.94151e+13 2.00006e+13 1.96994e+13 4.60811e+13
 7600 2.04663e+13 2.03357e+13 2.04526e+13 2.11105e+13 2.20674e+13 2.05673e+13 2.12484e+13 2.09163e+13 4.89461e+13
 8000 2.16516e+13 2.14898e+13 2.16198e+13 2.23494e+13 2.34326e+13 2.17142e+13 2.24988e+13 2.21341e+13 5.18081e+13
 8000 2.17533e+13 2.12375e+13 2.16509e+13 2.22103e+13 2.32678e+13 2.11418e+13 2.22067e+13 2.19429e+13 5.15567e+13
 16000 4.54451e+13 4.47563e+13 4.55507e+13 4.79372e+13 5.15836e+13 4.47724e+13 4.80977e+13 4.69589e+13 1.10231e+14
 24000 6.94089e+13 6.75928e+13 6.89314e+13 7.30429e+13 7.88604e+13 6.86007e+13 7.35013e+13 7.15586e+13 1.67289e+14
 32000 9.32756e+13 9.16321e+13 9.26701e+13 9.99785e+13 1.06301e+14 9.15713e+13 9.92835e+13 9.65805e+13 2.20605e+14
 40000 1.17903e+14 1.16254e+14 1.16202e+14 1.27511e+14 1.33996e+14 1.14751e+14 1.2542e+14 1.21966e+14 2.75685e+14
 48000 1.42922e+14 1.40601e+14 1.41001e+14 1.55696e+14 1.61512e+14 1.36547e+14 1.51252e+14 1.47354e+14 3.33536e+14
 56000 1.67881e+14 1.6431e+14 1.66592e+14 1.84348e+14 1.89518e+14 1.57267e+14 1.77045e+14 1.72731e+14 3.91052e+14
 64000 1.92776e+14 1.88757e+14 1.91343e+14 2.10751e+14 2.17885e+14 1.77453e+14 2.0203e+14 1.97601e+14 4.48405e+14
 72000 2.17225e+14 2.12731e+14 2.15977e+14 2.35552e+14 2.45576e+14 1.98326e+14 2.26485e+14 2.22015e+14 5.03732e+14
 80000 2.41535e+14 2.35964e+14 2.41119e+14 2.59826e+14 2.72288e+14 2.17955e+14 2.50023e+14 2.4583e+14 5.5926e+14
 88000 2.66238e+14 2.58931e+14 2.65812e+14 2.83451e+14 2.99393e+14 2.37681e+14 2.73508e+14 2.69569e+14 6.16702e+14
 96000 2.91396e+14 2.82957e+14 2.90581e+14 3.07474e+14 3.27829e+14 2.57118e+14 2.97474e+14 2.93809e+14 6.74564e+14
 104000 3.15746e+14 3.07605e+14 3.15583e+14 3.30471e+14 3.55884e+14 2.77071e+14 3.21142e+14 3.17876e+14 7.34816e+14
 112000 3.40366e+14 3.33419e+14 3.40915e+14 3.52277e+14 3.83292e+14 2.96032e+14 3.43867e+14 3.41613e+14 7.94444e+14
 120000 3.65493e+14 3.61069e+14 3.66981e+14 3.74745e+14 4.10879e+14 3.1478e+14 3.66801e+14 3.65886e+14 8.56341e+14
 128000 3.90235e+14 3.89101e+14 3.9366e+14 3.97255e+14 4.3862e+14 3.32147e+14 3.89341e+14 3.90004e+14 9.1699e+14
 136000 4.13753e+14 4.17966e+14 4.19627e+14 4.1999e+14 4.67094e+14 3.49254e+14 4.12113e+14 4.14114e+14 9.77897e+14
 144000 4.36866e+14 4.46444e+14 4.43895e+14 4.42901e+14 4.95056e+14 3.66226e+14 4.34728e+14 4.37797e+14 1.03809e+15
 152000 4.60562e+14 4.74514e+14 4.65588e+14 4.64978e+14 5.23175e+14 3.83617e+14 4.57257e+14 4.61109e+14 1.10094e+15
 160000 4.84884e+14 5.02775e+14 4.87147e+14 4.87668e+14 5.52665e+14 4.0114e+14 4.80491e+14 4.84935e+14 1.16493e+15
 160000 5.02845e+14 4.58368e+14 5.29812e+14 5.02149e+14 5.42886e+14 3.65217e+14 4.70084e+14 4.80854e+14 1.20837e+15
 320000 9.87492e+14 9.80329e+14 8.12508e+14 1.05437e+15 1.23461e+15 6.95144e+14 9.94708e+14 9.67536e+14 2.36233e+15
 480000 1.42296e+15 1.71596e+15 1.08456e+15 1.63776e+15 1.82709e+15 9.27523e+14 1.46412e+15 1.44161e+15 3.43462e+15
 640000 1.90799e+15 2.43627e+15 1.29978e+15 2.08398e+15 2.36545e+15 1.12359e+15 1.85767e+15 1.86714e+15 4.66511e+15
 800000 2.48472e+15 3.20545e+15 1.63904e+15 2.50248e+15 2.8815e+15 1.29137e+15 2.22511e+15 2.31229e+15 6.08581e+15
 960000 3.15591e+15 3.94877e+15 1.90962e+15 2.95923e+15 3.35516e+15 1.43064e+15 2.58168e+15 2.75091e+15 7.43591e+15
 1.12e+06 3.83524e+15 4.59581e+15 2.28106e+15 3.41924e+15 3.94369e+15 1.61656e+15 2.99316e+15 3.22418e+15 8.55787e+15
 1.28e+06 4.40961e+15 5.16597e+15 2.4991e+15 3.81934e+15 4.46995e+15 1.8502e+15 3.37983e+15 3.63786e+15 9.81519e+15
 1.44e+06 5.10706e+15 5.80066e+15 2.78443e+15 4.17934e+15 4.91277e+15 2.01201e+15 3.70137e+15 4.04644e+15 1.09477e+16
 1.6e+06 5.82828e+15 6.4127e+15 3.05579e+15 4.49434e+15 5.29308e+15 2.10881e+15 3.96541e+15 4.41881e+15 1.22596e+16
 1.76e+06 6.57786e+15 7.13869e+15 3.36817e+15 4.78354e+15 5.85841e+15 2.2377e+15 4.29322e+15 4.85389e+15 1.3442e+16
 1.92e+06 7.32332e+15 7.89813e+15 3.67102e+15 4.9695e+15 6.44263e+15 2.2705e+15 4.56088e+15 5.25552e+15 1.43052e+16
 2.08e+06 8.1713e+15 8.71482e+15 4.10211e+15 5.15411e+15 6.93983e+15 2.21062e+15 4.76819e+15 5.65934e+15 1.52961e+16
 2.24e+06 9.04082e+15 9.56594e+15 4.55426e+15 5.34813e+15 7.4516e+15 2.14531e+15 4.98168e+15 6.07715e+15 1.63265e+16
 2.4e+06 9.93453e+15 1.05e+16 5.02581e+15 5.49141e+15 7.96732e+15 2.1908e+15 5.21651e+15 6.52461e+15 1.74097e+16
 2.56e+06 1.09069e+16 1.14856e+16 5.44332e+15 5.68055e+15 8.57362e+15 2.27639e+15 5.51018e+15 7.01755e+15 1.83226e+16
 2.72e+06 1.18394e+16 1.24431e+16 5.78097e+15 5.76227e+15 9.25403e+15 2.3829e+15 5.79974e+15 7.48831e+15 1.90733e+16
 2.88e+06 1.27827e+16 1.34372e+16 6.15985e+15 5.99134e+15 1.01105e+16 2.44019e+15 6.18067e+15 8.0257e+15 2.02129e+16
 3.04e+06 1.37705e+16 1.4444e+16 6.59983e+15 6.2092e+15 1.10358e+16 2.45154e+15 6.56552e+15 8.58122e+15 2.0963e+16
 3.2e+06 1.48177e+16 1.53907e+16 7.03742e+15 6.43834e+15 1.19729e+16 2.45957e+15 6.95693e+15 9.14028e+15 2.15985e+16
 3.2e+06 1.51665e+16 1.21627e+16 8.41382e+15 4.4473e+15 8.75669e+15 2.72812e+15 5.31071e+15 7.95216e+15 2.90877e+16
 6.4e+06 2.52126e+16 2.01209e+16 6.09679e+15 7.77872e+15 2.81641e+16 3.90243e+15 1.32817e+16 1.48264e+16 3.31124e+16
 9.6e+06 3.7045e+16 4.30541e+16 5.54869e+15 1.23188e+16 4.61739e+16 1.24334e+15 1.9912e+16 2.33669e+16 6.14823e+16
 1.28e+07 5.47641e+16 4.60437e+16 6.72277e+15 1.64722e+16 4.96749e+16 2.33445e+15 2.28272e+16 2.80337e+16 3.31796e+16
 1.6e+07 8.77787e+16 9.00416e+16 1.4933e+15 2.4029e+16 3.68869e+16 3.21568e+15 2.13772e+16 3.67348e+16 1.75397e+16
 1.92e+07 1.60522e+17 1.21572e+17 3.39306e+15 4.74601e+16 2.45774e+16 8.04327e+14 2.42806e+16 5.26333e+16 6.23609e+15
 2.24e+07 2.16669e+17 1.68758e+17 2.98937e+15 4.75168e+16 1.66349e+16 2.52056e+14 2.14679e+16 6.46696e+16 5.20782e+15
