#NOTE: MSDs should be divided by the temperature.
#NOTE: MSDs have been divided by 2 or 10 (i.e., the viscosity computed from all components).
#Time	MSD_xx	MSD_yy	MSD_zz	MSD_xy	MSD_xz	MSD_yz	MSD_off	MSD_all	MSD_bulkvisc
 10 1.53489e+09 1.52874e+09 1.52685e+09 1.52418e+09 1.52102e+09 1.52108e+09 1.52209e+09 1.52532e+09 1.77028e+09
 20 5.57152e+09 5.54723e+09 5.53929e+09 5.52931e+09 5.51917e+09 5.51936e+09 5.52261e+09 5.53464e+09 6.83294e+09
 30 1.12609e+10 1.1204e+10 1.11867e+10 1.11676e+10 1.11501e+10 1.11521e+10 1.11566e+10 1.11808e+10 1.47569e+10
 40 1.79066e+10 1.77967e+10 1.77719e+10 1.77439e+10 1.77199e+10 1.77255e+10 1.77298e+10 1.77679e+10 2.51569e+10
 50 2.50405e+10 2.48527e+10 2.48282e+10 2.47905e+10 2.47627e+10 2.47705e+10 2.47746e+10 2.48276e+10 3.77352e+10
 60 3.23875e+10 3.20941e+10 3.20821e+10 3.2032e+10 3.20042e+10 3.2006e+10 3.20141e+10 3.20836e+10 5.2245e+10
 70 3.97482e+10 3.93222e+10 3.93377e+10 3.92707e+10 3.92483e+10 3.92283e+10 3.92491e+10 3.93372e+10 6.84601e+10
 80 4.7041e+10 4.64606e+10 4.65183e+10 4.64279e+10 4.642e+10 4.6356e+10 4.64013e+10 4.65101e+10 8.61689e+10
 90 5.43025e+10 5.35521e+10 5.36654e+10 5.35421e+10 5.35622e+10 5.34292e+10 5.35112e+10 5.36427e+10 1.0518e+11
 100 6.16402e+10 6.0711e+10 6.08929e+10 6.07224e+10 6.07879e+10 6.0565e+10 6.06918e+10 6.08476e+10 1.25332e+11
 110 6.91997e+10 6.80887e+10 6.83524e+10 6.81152e+10 6.82454e+10 6.79163e+10 6.80923e+10 6.82742e+10 1.46493e+11
 120 7.71341e+10 7.58405e+10 7.61997e+10 7.58741e+10 7.60887e+10 7.56392e+10 7.58673e+10 7.6077e+10 1.68566e+11
 130 8.55659e+10 8.40884e+10 8.45553e+10 8.41217e+10 8.44399e+10 8.38595e+10 8.41404e+10 8.43788e+10 1.91471e+11
 140 9.45603e+10 9.2896e+10 9.34783e+10 9.29233e+10 9.33613e+10 9.26469e+10 9.29772e+10 9.32442e+10 2.15134e+11
 150 1.04126e+11 1.02269e+11 1.02968e+11 1.02288e+11 1.02855e+11 1.02012e+11 1.02385e+11 1.02679e+11 2.39487e+11
 160 1.14226e+11 1.1217e+11 1.12981e+11 1.12178e+11 1.12877e+11 1.11915e+11 1.12323e+11 1.12644e+11 2.64467e+11
 170 1.24796e+11 1.22536e+11 1.23452e+11 1.22529e+11 1.23354e+11 1.22282e+11 1.22722e+11 1.23071e+11 2.90012e+11
 180 1.35762e+11 1.33291e+11 1.34306e+11 1.33265e+11 1.34211e+11 1.3303e+11 1.33502e+11 1.33883e+11 3.16071e+11
 190 1.47058e+11 1.4437e+11 1.4548e+11 1.4432e+11 1.45381e+11 1.4409e+11 1.44597e+11 1.45013e+11 3.426e+11
 200 1.58634e+11 1.55722e+11 1.5693e+11 1.55643e+11 1.56816e+11 1.55412e+11 1.55957e+11 1.56412e+11 3.69563e+11
 200 1.5849e+11 1.56169e+11 1.57575e+11 1.5626e+11 1.56898e+11 1.55946e+11 1.56368e+11 1.56785e+11 3.69104e+11
 400 4.41198e+11 4.33749e+11 4.38274e+11 4.32925e+11 4.35442e+11 4.31954e+11 4.3344e+11 4.3516e+11 9.8519e+11
 600 8.01999e+11 7.84987e+11 7.93828e+11 7.82539e+11 7.87894e+11 7.78936e+11 7.83123e+11 7.87316e+11 1.75317e+12
 800 1.21833e+12 1.19155e+12 1.20294e+12 1.18434e+12 1.19536e+12 1.17521e+12 1.18497e+12 1.19269e+12 2.64755e+12
 1000 1.67492e+12 1.63706e+12 1.65331e+12 1.62538e+12 1.64194e+12 1.60758e+12 1.62497e+12 1.63702e+12 3.63062e+12
 1200 2.16134e+12 2.11015e+12 2.13496e+12 2.09633e+12 2.11769e+12 2.06481e+12 2.09294e+12 2.10996e+12 4.67654e+12
 1400 2.66919e+12 2.60512e+12 2.64196e+12 2.58978e+12 2.61657e+12 2.54206e+12 2.5828e+12 2.60518e+12 5.77673e+12
 1600 3.19453e+12 3.11683e+12 3.16965e+12 3.10286e+12 3.133e+12 3.03526e+12 3.09038e+12 3.11836e+12 6.91054e+12
 1800 3.73463e+12 3.64258e+12 3.7131e+12 3.63178e+12 3.66238e+12 3.53941e+12 3.61119e+12 3.64542e+12 8.07316e+12
 2000 4.2882e+12 4.1784e+12 4.26813e+12 4.1678e+12 4.20049e+12 4.04769e+12 4.13866e+12 4.18116e+12 9.26334e+12
 2200 4.85315e+12 4.72615e+12 4.83248e+12 4.7124e+12 4.74425e+12 4.56013e+12 4.67226e+12 4.72492e+12 1.04792e+13
 2400 5.42746e+12 5.28556e+12 5.40533e+12 5.26388e+12 5.29082e+12 5.07372e+12 5.20947e+12 5.2748e+12 1.17086e+13
 2600 6.00796e+12 5.85654e+12 5.98311e+12 5.82291e+12 5.8416e+12 5.59016e+12 5.75156e+12 5.83061e+12 1.2951e+13
 2800 6.5944e+12 6.43656e+12 6.56328e+12 6.38696e+12 6.39527e+12 6.10763e+12 6.29662e+12 6.39054e+12 1.42045e+13
 3000 7.18729e+12 7.02714e+12 7.14581e+12 6.95606e+12 6.95138e+12 6.62912e+12 6.84552e+12 6.95534e+12 1.54742e+13
 3200 7.785e+12 7.62924e+12 7.72992e+12 7.5299e+12 7.50806e+12 7.15562e+12 7.39786e+12 7.5246e+12 1.67512e+13
 3400 8.38707e+12 8.23893e+12 8.31438e+12 8.10779e+12 8.06715e+12 7.6859e+12 7.95361e+12 8.09755e+12 1.80343e+13
 3600 8.99412e+12 8.85594e+12 8.89798e+12 8.69083e+12 8.62524e+12 8.21764e+12 8.51124e+12 8.67315e+12 1.93142e+13
 3800 9.60595e+12 9.48052e+12 9.48188e+12 9.2796e+12 9.18345e+12 8.75075e+12 9.07127e+12 9.25187e+12 2.05913e+13
 4000 1.02189e+13 1.01079e+13 1.00637e+13 9.86937e+12 9.74396e+12 9.28376e+12 9.63236e+12 9.83147e+12 2.18692e+13
 4000 1.02906e+13 9.67812e+12 9.93974e+12 9.75446e+12 9.81804e+12 9.19811e+12 9.5902e+12 9.74191e+12 2.12767e+13
 8000 2.22573e+13 2.30972e+13 2.15548e+13 2.19041e+13 2.10085e+13 1.95071e+13 2.08066e+13 2.14052e+13 4.68859e+13
 12000 3.45298e+13 3.77886e+13 3.44432e+13 3.45221e+13 3.22705e+13 3.00798e+13 3.22908e+13 3.36094e+13 7.23519e+13
 16000 4.69937e+13 5.35423e+13 4.76028e+13 4.78837e+13 4.37553e+13 4.01271e+13 4.3922e+13 4.61051e+13 9.63759e+13
 20000 5.88051e+13 6.94998e+13 6.13574e+13 6.09701e+13 5.55539e+13 5.05811e+13 5.57017e+13 5.87093e+13 1.21175e+14
 24000 7.06962e+13 8.52482e+13 7.59023e+13 7.34223e+13 6.81013e+13 6.07309e+13 6.74182e+13 7.13638e+13 1.46935e+14
 28000 8.29882e+13 1.01293e+14 9.05564e+13 8.59833e+13 8.08729e+13 7.0638e+13 7.91647e+13 8.41438e+13 1.74351e+14
 32000 9.61463e+13 1.17774e+14 1.0408e+14 9.84369e+13 9.32884e+13 7.99665e+13 9.05639e+13 9.67384e+13 2.032e+14
 36000 1.09019e+14 1.34036e+14 1.18041e+14 1.11335e+14 1.06943e+14 8.98525e+13 1.0271e+14 1.09772e+14 2.29796e+14
 40000 1.22077e+14 1.50037e+14 1.32392e+14 1.24902e+14 1.2069e+14 9.87219e+13 1.14771e+14 1.22797e+14 2.57145e+14
 44000 1.345e+14 1.66118e+14 1.46036e+14 1.38657e+14 1.358e+14 1.06532e+14 1.26996e+14 1.35752e+14 2.83652e+14
 48000 1.46901e+14 1.81729e+14 1.59129e+14 1.52766e+14 1.52181e+14 1.14318e+14 1.39755e+14 1.48888e+14 3.09611e+14
 52000 1.59915e+14 1.96933e+14 1.72778e+14 1.66004e+14 1.69509e+14 1.2179e+14 1.52434e+14 1.62077e+14 3.36426e+14
 56000 1.73511e+14 2.11299e+14 1.85793e+14 1.79717e+14 1.87348e+14 1.27936e+14 1.65e+14 1.7508e+14 3.65283e+14
 60000 1.87538e+14 2.25177e+14 1.97599e+14 1.92632e+14 2.06281e+14 1.34231e+14 1.77715e+14 1.88004e+14 3.94463e+14
 64000 2.00722e+14 2.3828e+14 2.09256e+14 2.05508e+14 2.25147e+14 1.40102e+14 1.90253e+14 2.00586e+14 4.24426e+14
 68000 2.13338e+14 2.51163e+14 2.20031e+14 2.18094e+14 2.44465e+14 1.4554e+14 2.02699e+14 2.12891e+14 4.52865e+14
 72000 2.26906e+14 2.63875e+14 2.31123e+14 2.30599e+14 2.63949e+14 1.50076e+14 2.14874e+14 2.25178e+14 4.8198e+14
 76000 2.40042e+14 2.77615e+14 2.42338e+14 2.4368e+14 2.84599e+14 1.54143e+14 2.27474e+14 2.37817e+14 5.11898e+14
 80000 2.53173e+14 2.91391e+14 2.53822e+14 2.56162e+14 3.05722e+14 1.59534e+14 2.40473e+14 2.50735e+14 5.44712e+14
 80000 2.15479e+14 2.78206e+14 2.26443e+14 2.85118e+14 3.42766e+14 1.43675e+14 2.57186e+14 2.50329e+14 5.47235e+14
 160000 3.88077e+14 5.59076e+14 4.70507e+14 5.74206e+14 8.33553e+14 3.09894e+14 5.72551e+14 5.32552e+14 1.23618e+15
 240000 6.32311e+14 9.2533e+14 6.39166e+14 8.18963e+14 1.31456e+15 4.13645e+14 8.49057e+14 8.02342e+14 2.01964e+15
 320000 8.44697e+14 1.31717e+15 8.09889e+14 1.03341e+15 1.74997e+15 5.24235e+14 1.10254e+15 1.05776e+15 2.72751e+15
 400000 1.07095e+15 1.50638e+15 8.95538e+14 1.23826e+15 2.14617e+15 6.95079e+14 1.35984e+15 1.27895e+15 3.08553e+15
 480000 1.4072e+15 1.84737e+15 8.67567e+14 1.50956e+15 2.48455e+15 8.76999e+14 1.6237e+15 1.52384e+15 3.0779e+15
 560000 1.75188e+15 2.20329e+15 9.03174e+14 1.62177e+15 2.88239e+15 1.03781e+15 1.84732e+15 1.75617e+15 3.29851e+15
 640000 2.08674e+15 2.50945e+15 8.54189e+14 1.82696e+15 3.38265e+15 1.24078e+15 2.15013e+15 2.01679e+15 3.50792e+15
 720000 2.31475e+15 2.8531e+15 7.42149e+14 2.04079e+15 3.85202e+15 1.44423e+15 2.44568e+15 2.25541e+15 4.05366e+15
 800000 2.48459e+15 3.07248e+15 7.00386e+14 2.19772e+15 4.4965e+15 1.65951e+15 2.78458e+15 2.50507e+15 4.68373e+15
 880000 2.61128e+15 3.28259e+15 5.66224e+14 2.4115e+15 5.16712e+15 1.82682e+15 3.13515e+15 2.74243e+15 5.18964e+15
 960000 2.85501e+15 3.60899e+15 4.78477e+14 2.63447e+15 6.03021e+15 2.01601e+15 3.56023e+15 3.0618e+15 5.70902e+15
 1.04e+06 3.04925e+15 3.76171e+15 4.98102e+14 2.94387e+15 7.08938e+15 2.20273e+15 4.07866e+15 3.42174e+15 6.7082e+15
 1.12e+06 3.25595e+15 4.0104e+15 5.71835e+14 3.09958e+15 8.04189e+15 2.3785e+15 4.50666e+15 3.74908e+15 7.49893e+15
 1.2e+06 3.34713e+15 4.11904e+15 5.64694e+14 3.11458e+15 8.82439e+15 2.50028e+15 4.81308e+15 3.95863e+15 8.32912e+15
 1.28e+06 3.32124e+15 4.19157e+15 6.65229e+14 3.11438e+15 9.80692e+15 2.5544e+15 5.15857e+15 4.18554e+15 8.86184e+15
 1.36e+06 3.3768e+15 4.21249e+15 7.38517e+14 3.03343e+15 1.11413e+16 2.63773e+15 5.60416e+15 4.47287e+15 9.00261e+15
 1.44e+06 3.36802e+15 3.91966e+15 7.46867e+14 2.98704e+15 1.2483e+16 2.81077e+15 6.09361e+15 4.72744e+15 9.08849e+15
 1.52e+06 3.42381e+15 3.68206e+15 7.06586e+14 2.93883e+15 1.37368e+16 2.96491e+15 6.54683e+15 4.96976e+15 9.49239e+15
 1.6e+06 3.27368e+15 3.37955e+15 7.05118e+14 2.75338e+15 1.48338e+16 3.05396e+15 6.88038e+15 5.10934e+15 1.00167e+16
 1.6e+06 2.93057e+15 1.87648e+15 1.25858e+15 8.46026e+14 6.74417e+15 2.73035e+15 3.44018e+15 2.87286e+15 5.71991e+15
 3.2e+06 3.68947e+15 7.00056e+15 5.2571e+14 2.74636e+15 5.8642e+15 1.56027e+15 3.39028e+15 3.5296e+15 2.26875e+16
