#NOTE: MSDs should be divided by the temperature.
#NOTE: MSDs have been divided by 2 or 10 (i.e., the viscosity computed from all components).
#Time	MSD_xx	MSD_yy	MSD_zz	MSD_xy	MSD_xz	MSD_yz	MSD_off	MSD_all	MSD_bulkvisc
 10 1.52399e+09 1.52055e+09 1.52382e+09 1.52254e+09 1.52106e+09 1.52516e+09 1.52292e+09 1.52287e+09 1.78394e+09
 20 5.52994e+09 5.51684e+09 5.52944e+09 5.52354e+09 5.51904e+09 5.53449e+09 5.52569e+09 5.52558e+09 6.88858e+09
 30 1.11716e+10 1.11442e+10 1.11709e+10 1.11545e+10 1.11498e+10 1.11814e+10 1.11619e+10 1.11621e+10 1.48855e+10
 40 1.77544e+10 1.771e+10 1.77543e+10 1.77179e+10 1.77194e+10 1.77697e+10 1.77357e+10 1.77372e+10 2.53929e+10
 50 2.48112e+10 2.47497e+10 2.48146e+10 2.47448e+10 2.47613e+10 2.48306e+10 2.47789e+10 2.47841e+10 3.8116e+10
 60 3.20671e+10 3.199e+10 3.20788e+10 3.196e+10 3.20008e+10 3.2088e+10 3.20163e+10 3.20279e+10 5.28096e+10
 70 3.93247e+10 3.92353e+10 3.93511e+10 3.91667e+10 3.92417e+10 3.93444e+10 3.92509e+10 3.9272e+10 6.92477e+10
 80 4.65053e+10 4.64081e+10 4.65535e+10 4.6288e+10 4.64063e+10 4.6523e+10 4.64057e+10 4.6439e+10 8.72191e+10
 90 5.36494e+10 5.35488e+10 5.37258e+10 5.33656e+10 5.35344e+10 5.36654e+10 5.35218e+10 5.35696e+10 1.06535e+11
 100 6.08686e+10 6.07688e+10 6.09797e+10 6.05133e+10 6.07368e+10 6.08862e+10 6.07121e+10 6.07762e+10 1.27033e+11
 110 6.83106e+10 6.82163e+10 6.84632e+10 6.78827e+10 6.81607e+10 6.83362e+10 6.81266e+10 6.8208e+10 1.48585e+11
 120 7.61275e+10 7.60434e+10 7.6329e+10 7.56298e+10 7.59587e+10 7.61698e+10 7.59194e+10 7.60183e+10 1.71095e+11
 130 8.44405e+10 8.43697e+10 8.46967e+10 8.38775e+10 8.42517e+10 8.45081e+10 8.42124e+10 8.43284e+10 1.94481e+11
 140 9.3316e+10 9.32575e+10 9.36292e+10 9.26923e+10 9.31054e+10 9.34152e+10 9.3071e+10 9.32029e+10 2.18669e+11
 150 1.02764e+11 1.02713e+11 1.03133e+11 1.02083e+11 1.02529e+11 1.02899e+11 1.02503e+11 1.0265e+11 2.43591e+11
 160 1.12749e+11 1.12696e+11 1.13169e+11 1.12009e+11 1.12486e+11 1.1292e+11 1.12472e+11 1.12632e+11 2.69184e+11
 170 1.23204e+11 1.2314e+11 1.23669e+11 1.22404e+11 1.22909e+11 1.23412e+11 1.22908e+11 1.2308e+11 2.95389e+11
 180 1.34056e+11 1.33967e+11 1.34559e+11 1.33187e+11 1.33724e+11 1.34297e+11 1.33736e+11 1.33919e+11 3.22156e+11
 190 1.45239e+11 1.45114e+11 1.45773e+11 1.4429e+11 1.44865e+11 1.45509e+11 1.44888e+11 1.45083e+11 3.49439e+11
 200 1.56705e+11 1.56534e+11 1.57266e+11 1.55662e+11 1.56286e+11 1.56998e+11 1.56315e+11 1.56523e+11 3.77204e+11
 200 1.56636e+11 1.56495e+11 1.57204e+11 1.55777e+11 1.56182e+11 1.56916e+11 1.56292e+11 1.56487e+11 3.77819e+11
 400 4.38621e+11 4.36401e+11 4.39e+11 4.33198e+11 4.35623e+11 4.37833e+11 4.35551e+11 4.36534e+11 1.01743e+12
 600 7.97324e+11 7.91501e+11 7.9885e+11 7.84567e+11 7.90507e+11 7.95213e+11 7.90095e+11 7.92414e+11 1.81814e+12
 800 1.21201e+12 1.202e+12 1.21534e+12 1.18957e+12 1.19999e+12 1.20696e+12 1.19884e+12 1.20322e+12 2.7525e+12
 1000 1.66824e+12 1.65375e+12 1.67252e+12 1.63313e+12 1.65028e+12 1.65845e+12 1.64729e+12 1.65431e+12 3.7755e+12
 1200 2.15562e+12 2.13753e+12 2.16042e+12 2.10638e+12 2.13049e+12 2.13956e+12 2.12548e+12 2.13576e+12 4.86873e+12
 1400 2.6676e+12 2.64526e+12 2.67235e+12 2.60222e+12 2.63367e+12 2.64381e+12 2.62656e+12 2.64063e+12 6.02226e+12
 1600 3.19863e+12 3.17178e+12 3.20339e+12 3.11665e+12 3.15468e+12 3.16537e+12 3.14557e+12 3.16385e+12 7.21748e+12
 1800 3.74592e+12 3.71307e+12 3.74909e+12 3.64406e+12 3.69098e+12 3.7002e+12 3.67841e+12 3.70146e+12 8.44744e+12
 2000 4.30639e+12 4.26632e+12 4.30726e+12 4.18291e+12 4.23917e+12 4.24538e+12 4.22249e+12 4.25082e+12 9.7062e+12
 2200 4.87828e+12 4.82968e+12 4.87602e+12 4.73063e+12 4.79683e+12 4.79852e+12 4.77533e+12 4.80973e+12 1.09875e+13
 2400 5.45893e+12 5.40145e+12 5.45336e+12 5.28541e+12 5.36238e+12 5.35822e+12 5.33534e+12 5.37637e+12 1.22856e+13
 2600 6.04666e+12 5.97998e+12 6.03621e+12 5.84555e+12 5.93407e+12 5.92374e+12 5.90112e+12 5.94905e+12 1.35969e+13
 2800 6.64006e+12 6.56525e+12 6.62324e+12 6.40968e+12 6.51214e+12 6.49411e+12 6.47198e+12 6.52699e+12 1.49219e+13
 3000 7.23789e+12 7.15583e+12 7.21352e+12 6.9775e+12 7.0955e+12 7.06745e+12 7.04682e+12 7.10906e+12 1.62561e+13
 3200 7.83901e+12 7.75069e+12 7.80587e+12 7.54778e+12 7.68261e+12 7.64218e+12 7.62419e+12 7.69392e+12 1.75972e+13
 3400 8.44366e+12 8.34803e+12 8.39923e+12 8.11996e+12 8.27168e+12 8.21813e+12 8.20325e+12 8.28074e+12 1.89455e+13
 3600 9.0505e+12 8.94798e+12 8.9944e+12 8.69491e+12 8.86264e+12 8.79521e+12 8.78426e+12 8.8696e+12 2.03007e+13
 3800 9.65983e+12 9.54985e+12 9.59172e+12 9.27151e+12 9.4541e+12 9.37321e+12 9.36627e+12 9.45995e+12 2.16631e+13
 4000 1.02709e+13 1.01535e+13 1.01905e+13 9.85017e+12 1.00461e+13 9.95348e+12 9.9499e+12 1.00519e+13 2.30309e+13
 4000 1.0339e+13 1.01425e+13 1.01446e+13 9.84323e+12 1.00967e+13 9.88189e+12 9.94061e+12 1.00478e+13 2.31234e+13
 8000 2.28524e+13 2.23691e+13 2.24212e+13 2.15705e+13 2.20918e+13 2.15431e+13 2.17351e+13 2.20601e+13 5.05992e+13
 12000 3.52707e+13 3.46198e+13 3.4629e+13 3.34108e+13 3.41481e+13 3.28834e+13 3.34807e+13 3.40244e+13 7.86286e+13
 16000 4.76737e+13 4.65858e+13 4.66959e+13 4.5011e+13 4.60625e+13 4.38715e+13 4.49817e+13 4.57831e+13 1.06743e+14
 20000 5.99458e+13 5.81552e+13 5.87017e+13 5.63708e+13 5.79448e+13 5.52116e+13 5.6509e+13 5.74791e+13 1.36121e+14
 24000 7.21491e+13 6.95683e+13 7.08042e+13 6.77264e+13 7.02991e+13 6.70545e+13 6.836e+13 6.93522e+13 1.66398e+14
 28000 8.45107e+13 8.1031e+13 8.29737e+13 7.93798e+13 8.29398e+13 7.87649e+13 8.03615e+13 8.13523e+13 1.9781e+14
 32000 9.693e+13 9.27025e+13 9.52394e+13 9.09154e+13 9.54837e+13 9.03273e+13 9.22421e+13 9.33282e+13 2.30061e+14
 36000 1.09406e+14 1.04371e+14 1.07799e+14 1.02326e+14 1.08121e+14 1.02072e+14 1.04173e+14 1.05381e+14 2.63066e+14
 40000 1.2166e+14 1.16077e+14 1.20627e+14 1.134e+14 1.20922e+14 1.14056e+14 1.16126e+14 1.17457e+14 2.96936e+14
 44000 1.33925e+14 1.27994e+14 1.33507e+14 1.24609e+14 1.33996e+14 1.25966e+14 1.2819e+14 1.29638e+14 3.31151e+14
 48000 1.46032e+14 1.40067e+14 1.46287e+14 1.36053e+14 1.47036e+14 1.37856e+14 1.40315e+14 1.4184e+14 3.64497e+14
 52000 1.58202e+14 1.52336e+14 1.59056e+14 1.4758e+14 1.60338e+14 1.49835e+14 1.52585e+14 1.54163e+14 3.98326e+14
 56000 1.7041e+14 1.64914e+14 1.71952e+14 1.59269e+14 1.73572e+14 1.61912e+14 1.64918e+14 1.66587e+14 4.32225e+14
 60000 1.82801e+14 1.7793e+14 1.85082e+14 1.71023e+14 1.8677e+14 1.74074e+14 1.77289e+14 1.79149e+14 4.6708e+14
 64000 1.95085e+14 1.91149e+14 1.98272e+14 1.82591e+14 2.00128e+14 1.86602e+14 1.89774e+14 1.91798e+14 5.02023e+14
 68000 2.07083e+14 2.04646e+14 2.1085e+14 1.94151e+14 2.13586e+14 1.99157e+14 2.02298e+14 2.04389e+14 5.37447e+14
 72000 2.18492e+14 2.17862e+14 2.23465e+14 2.05867e+14 2.27177e+14 2.12059e+14 2.15034e+14 2.16996e+14 5.72429e+14
 76000 2.2978e+14 2.30848e+14 2.35886e+14 2.17741e+14 2.40478e+14 2.24594e+14 2.27605e+14 2.29431e+14 6.07892e+14
 80000 2.41425e+14 2.44069e+14 2.48269e+14 2.29165e+14 2.54242e+14 2.3712e+14 2.40176e+14 2.41941e+14 6.4378e+14
 80000 2.34373e+14 2.49207e+14 2.53274e+14 2.39721e+14 2.54915e+14 2.50688e+14 2.48441e+14 2.47312e+14 6.77124e+14
 160000 4.53924e+14 5.40565e+14 5.28426e+14 4.662e+14 5.03391e+14 5.08038e+14 4.92543e+14 4.98581e+14 1.39083e+15
 240000 7.08412e+14 8.58374e+14 8.18333e+14 6.81374e+14 7.62186e+14 7.30545e+14 7.24702e+14 7.52837e+14 2.16224e+15
 320000 8.9845e+14 1.14118e+15 1.1082e+15 8.57333e+14 1.0528e+15 9.80817e+14 9.63651e+14 9.97901e+14 2.92157e+15
 400000 1.05571e+15 1.4257e+15 1.42627e+15 1.07936e+15 1.36412e+15 1.20807e+15 1.21718e+15 1.25133e+15 3.74475e+15
 480000 1.18396e+15 1.69735e+15 1.70757e+15 1.3318e+15 1.67476e+15 1.45901e+15 1.48853e+15 1.50497e+15 4.40273e+15
 560000 1.25401e+15 1.97887e+15 2.00028e+15 1.58568e+15 1.9905e+15 1.71449e+15 1.76356e+15 1.75589e+15 5.11352e+15
 640000 1.34237e+15 2.23975e+15 2.26586e+15 1.79826e+15 2.33915e+15 1.95705e+15 2.03149e+15 1.99862e+15 5.85689e+15
 720000 1.42303e+15 2.53248e+15 2.56607e+15 2.03878e+15 2.67329e+15 2.22103e+15 2.31103e+15 2.25616e+15 6.67954e+15
 800000 1.51643e+15 2.85601e+15 2.84711e+15 2.28765e+15 3.04344e+15 2.51127e+15 2.61412e+15 2.53108e+15 7.5143e+15
 880000 1.60948e+15 3.14772e+15 3.08203e+15 2.547e+15 3.43893e+15 2.79245e+15 2.92613e+15 2.80091e+15 8.4137e+15
 960000 1.71149e+15 3.41382e+15 3.31829e+15 2.7786e+15 3.83426e+15 3.05008e+15 3.22098e+15 3.0584e+15 9.30705e+15
 1.04e+06 1.83697e+15 3.67439e+15 3.52257e+15 3.03806e+15 4.24977e+15 3.31236e+15 3.5334e+15 3.32456e+15 1.02158e+16
 1.12e+06 1.96085e+15 3.92502e+15 3.71813e+15 3.28854e+15 4.67695e+15 3.55867e+15 3.84139e+15 3.58537e+15 1.11005e+16
 1.2e+06 2.05397e+15 4.18701e+15 3.90744e+15 3.48855e+15 5.11438e+15 3.82934e+15 4.14409e+15 3.83958e+15 1.20008e+16
 1.28e+06 2.12843e+15 4.39071e+15 4.08687e+15 3.67035e+15 5.59443e+15 4.1509e+15 4.47189e+15 4.09727e+15 1.29415e+16
 1.36e+06 2.20055e+15 4.55264e+15 4.19892e+15 3.86374e+15 6.09108e+15 4.41805e+15 4.79096e+15 4.33486e+15 1.38527e+16
 1.44e+06 2.32198e+15 4.71569e+15 4.31037e+15 4.11868e+15 6.60112e+15 4.70129e+15 5.14036e+15 4.59729e+15 1.47786e+16
 1.52e+06 2.44327e+15 4.88683e+15 4.42153e+15 4.34549e+15 7.10132e+15 4.97723e+15 5.47468e+15 4.85169e+15 1.56822e+16
 1.6e+06 2.62057e+15 5.12428e+15 4.54288e+15 4.57308e+15 7.57575e+15 5.21546e+15 5.7881e+15 5.11122e+15 1.67021e+16
 1.6e+06 2.57809e+15 4.75509e+15 5.39431e+15 3.5471e+15 5.58821e+15 5.66616e+15 4.93382e+15 4.65729e+15 1.75123e+16
 3.2e+06 4.04456e+15 8.36323e+15 7.55969e+15 8.74725e+15 1.17085e+16 1.26113e+16 1.10224e+16 9.27574e+15 4.03854e+16
 4.8e+06 6.11659e+15 1.01712e+16 7.33684e+15 1.41977e+16 1.59212e+16 1.92013e+16 1.64401e+16 1.3014e+16 6.25674e+16
 6.4e+06 7.62577e+15 1.32287e+16 9.72867e+15 2.03808e+16 1.74796e+16 2.87777e+16 2.22127e+16 1.74054e+16 7.4894e+16
 8e+06 8.60001e+15 1.85462e+16 1.20772e+16 2.66367e+16 2.51473e+16 3.7588e+16 2.97907e+16 2.31042e+16 7.92284e+16
 9.6e+06 8.88121e+15 1.81948e+16 1.14654e+16 3.53691e+16 3.65777e+16 4.57205e+16 3.92224e+16 2.86723e+16 7.81819e+16
 1.12e+07 1.12164e+16 1.39117e+16 1.19086e+16 4.34522e+16 4.60998e+16 4.99181e+16 4.649e+16 3.28322e+16 6.83757e+16
 1.28e+07 1.36977e+16 1.88877e+16 1.55077e+16 4.72146e+16 5.59143e+16 5.23647e+16 5.18312e+16 3.75111e+16 5.92391e+16
 1.44e+07 1.66817e+16 1.91554e+16 1.67061e+16 4.98969e+16 6.8625e+16 5.55437e+16 5.80219e+16 4.18189e+16 7.62333e+16
 1.6e+07 2.03189e+16 2.27287e+16 1.84225e+16 4.93534e+16 8.55691e+16 6.15088e+16 6.54771e+16 4.74823e+16 1.02855e+17
 1.76e+07 2.34915e+16 2.77281e+16 2.19074e+16 4.8113e+16 9.44108e+16 5.51509e+16 6.58916e+16 4.92852e+16 1.14322e+17
 1.92e+07 2.48212e+16 2.99686e+16 2.34054e+16 4.41566e+16 1.02508e+17 4.5627e+16 6.4097e+16 4.88843e+16 9.58202e+16
 2.08e+07 2.82151e+16 1.35441e+16 2.42479e+16 4.98739e+16 1.14643e+17 4.04016e+16 6.8306e+16 4.97845e+16 7.92086e+16
 2.24e+07 3.62809e+16 8.80972e+15 3.12119e+16 5.25942e+16 1.17157e+17 2.64896e+16 6.54137e+16 4.94219e+16 5.65349e+16
 2.4e+07 4.4183e+16 9.37885e+15 4.18726e+16 4.40236e+16 1.16881e+17 6.35227e+15 5.57523e+16 4.6176e+16 4.47745e+16
 2.56e+07 5.21438e+16 4.83622e+15 3.99695e+16 3.67171e+16 8.30517e+16 5.16796e+15 4.16456e+16 3.7914e+16 1.53571e+16
 2.72e+07 4.9975e+16 1.93352e+15 3.23605e+16 3.00122e+16 8.77034e+16 1.56428e+16 4.44528e+16 3.79075e+16 2.48127e+15
 2.88e+07 3.20945e+16 7.64714e+15 8.40917e+15 1.79334e+16 1.01376e+17 2.15213e+16 4.69436e+16 3.45863e+16 3.13357e+15
