#NOTE: MSDs should be divided by the temperature.
#NOTE: MSDs have been divided by 2 or 10 (i.e., the viscosity computed from all components).
#Time	MSD_xx	MSD_yy	MSD_zz	MSD_xy	MSD_xz	MSD_yz	MSD_off	MSD_all	MSD_bulkvisc
 20 5.58687e+09 5.58774e+09 5.58684e+09 5.59002e+09 5.60325e+09 5.59204e+09 5.5951e+09 5.59192e+09 6.93068e+09
 40 1.78526e+10 1.78609e+10 1.78461e+10 1.78683e+10 1.79218e+10 1.78842e+10 1.78914e+10 1.78761e+10 2.55074e+10
 60 3.2177e+10 3.2209e+10 3.21509e+10 3.22265e+10 3.23406e+10 3.22672e+10 3.22781e+10 3.22385e+10 5.30184e+10
 80 4.65911e+10 4.66674e+10 4.65377e+10 4.67102e+10 4.68894e+10 4.6768e+10 4.67892e+10 4.6713e+10 8.75296e+10
 100 6.09087e+10 6.10397e+10 6.08216e+10 6.1134e+10 6.13725e+10 6.11885e+10 6.12317e+10 6.11083e+10 1.27439e+11
 120 7.61017e+10 7.6298e+10 7.59814e+10 7.64695e+10 7.6762e+10 7.65055e+10 7.6579e+10 7.63982e+10 1.71581e+11
 140 9.3205e+10 9.34842e+10 9.30626e+10 9.3749e+10 9.41021e+10 9.37627e+10 9.38713e+10 9.3623e+10 2.19219e+11
 160 1.12524e+11 1.12902e+11 1.1237e+11 1.13266e+11 1.13705e+11 1.13269e+11 1.13413e+11 1.13088e+11 2.69784e+11
 180 1.33681e+11 1.34164e+11 1.33522e+11 1.34632e+11 1.35187e+11 1.34646e+11 1.34822e+11 1.34409e+11 3.22802e+11
 200 1.56133e+11 1.56717e+11 1.55973e+11 1.57306e+11 1.58005e+11 1.5735e+11 1.57554e+11 1.57042e+11 3.77891e+11
 220 1.79581e+11 1.80257e+11 1.79418e+11 1.80994e+11 1.81852e+11 1.8108e+11 1.81309e+11 1.80686e+11 4.34794e+11
 240 2.04009e+11 2.04772e+11 2.03847e+11 2.05688e+11 2.06707e+11 2.05813e+11 2.06069e+11 2.05325e+11 4.93372e+11
 260 2.295e+11 2.30347e+11 2.29346e+11 2.3147e+11 2.32649e+11 2.3163e+11 2.31916e+11 2.31042e+11 5.53561e+11
 280 2.56056e+11 2.56986e+11 2.55914e+11 2.5834e+11 2.59691e+11 2.58537e+11 2.58856e+11 2.57841e+11 6.15336e+11
 300 2.83581e+11 2.84591e+11 2.83441e+11 2.86191e+11 2.87737e+11 2.86442e+11 2.8679e+11 2.85622e+11 6.7869e+11
 320 3.11948e+11 3.1304e+11 3.11805e+11 3.14896e+11 3.16669e+11 3.15228e+11 3.15598e+11 3.14265e+11 7.43619e+11
 340 3.41085e+11 3.42265e+11 3.40939e+11 3.44383e+11 3.46416e+11 3.4482e+11 3.45206e+11 3.43696e+11 8.10133e+11
 360 3.70978e+11 3.7226e+11 3.70837e+11 3.7464e+11 3.7696e+11 3.75204e+11 3.75601e+11 3.73904e+11 8.78253e+11
 380 4.0164e+11 4.03027e+11 4.01509e+11 4.05672e+11 4.083e+11 4.06384e+11 4.06785e+11 4.04895e+11 9.48002e+11
 400 4.33065e+11 4.34552e+11 4.32945e+11 4.37466e+11 4.40423e+11 4.38338e+11 4.38742e+11 4.36654e+11 1.0194e+12
 400 4.32489e+11 4.33855e+11 4.32696e+11 4.36867e+11 4.39905e+11 4.38209e+11 4.38327e+11 4.36201e+11 1.02198e+12
 800 1.18684e+12 1.18738e+12 1.18647e+12 1.19768e+12 1.21112e+12 1.20618e+12 1.205e+12 1.19776e+12 2.76395e+12
 1200 2.10064e+12 2.10378e+12 2.10074e+12 2.11836e+12 2.14887e+12 2.14079e+12 2.13601e+12 2.12229e+12 4.88799e+12
 1600 3.10518e+12 3.11173e+12 3.10402e+12 3.1313e+12 3.18279e+12 3.1697e+12 3.16126e+12 3.13955e+12 7.25063e+12
 2000 4.16932e+12 4.17706e+12 4.16556e+12 4.20224e+12 4.27591e+12 4.25571e+12 4.24462e+12 4.21503e+12 9.76795e+12
 2400 5.27113e+12 5.27962e+12 5.26537e+12 5.31024e+12 5.40981e+12 5.37731e+12 5.36579e+12 5.32829e+12 1.23917e+13
 2800 6.3979e+12 6.40754e+12 6.38989e+12 6.44336e+12 6.57151e+12 6.52522e+12 6.51336e+12 6.46739e+12 1.50843e+13
 3200 7.54267e+12 7.55146e+12 7.52943e+12 7.59541e+12 7.75263e+12 7.69126e+12 7.67977e+12 7.62434e+12 1.78257e+13
 3600 8.70126e+12 8.70953e+12 8.68031e+12 8.76102e+12 8.94842e+12 8.86919e+12 8.85954e+12 8.79454e+12 2.06123e+13
 4000 9.87153e+12 9.8786e+12 9.84148e+12 9.93473e+12 1.01557e+13 1.00538e+13 1.00481e+13 9.97439e+12 2.34272e+13
 4400 1.10503e+13 1.10569e+13 1.10105e+13 1.11152e+13 1.1375e+13 1.12444e+13 1.12449e+13 1.11626e+13 2.62674e+13
 4800 1.22319e+13 1.22402e+13 1.21877e+13 1.22999e+13 1.25995e+13 1.24373e+13 1.24455e+13 1.23553e+13 2.91257e+13
 5200 1.34152e+13 1.34293e+13 1.33688e+13 1.3488e+13 1.38297e+13 1.36322e+13 1.365e+13 1.35517e+13 3.20043e+13
 5600 1.45995e+13 1.46218e+13 1.45516e+13 1.46758e+13 1.50683e+13 1.48276e+13 1.48572e+13 1.47507e+13 3.48926e+13
 6000 1.57837e+13 1.58148e+13 1.57349e+13 1.58625e+13 1.63132e+13 1.60228e+13 1.60662e+13 1.59508e+13 3.77923e+13
 6400 1.69662e+13 1.70073e+13 1.69177e+13 1.70469e+13 1.75643e+13 1.72177e+13 1.72763e+13 1.71513e+13 4.07051e+13
 6800 1.8149e+13 1.81971e+13 1.80979e+13 1.82287e+13 1.88194e+13 1.84136e+13 1.84872e+13 1.83515e+13 4.36317e+13
 7200 1.93368e+13 1.93864e+13 1.92798e+13 1.94102e+13 2.00773e+13 1.96111e+13 1.96995e+13 1.95535e+13 4.65648e+13
 7600 2.05299e+13 2.0577e+13 2.04655e+13 2.05922e+13 2.13386e+13 2.08077e+13 2.09128e+13 2.07574e+13 4.95017e+13
 8000 2.1728e+13 2.17685e+13 2.16528e+13 2.17709e+13 2.26032e+13 2.2001e+13 2.2125e+13 2.19616e+13 5.24405e+13
 8000 2.15652e+13 2.13228e+13 2.15815e+13 2.19612e+13 2.24821e+13 2.19005e+13 2.21146e+13 2.18647e+13 5.20492e+13
 16000 4.57954e+13 4.55566e+13 4.55595e+13 4.57643e+13 4.84095e+13 4.58241e+13 4.66659e+13 4.62544e+13 1.11944e+14
 24000 7.03531e+13 7.00597e+13 6.93864e+13 6.91785e+13 7.45105e+13 6.9323e+13 7.1004e+13 7.05756e+13 1.72053e+14
 32000 9.44621e+13 9.50892e+13 9.32728e+13 9.30379e+13 1.00726e+14 9.22743e+13 9.53461e+13 9.49176e+13 2.30476e+14
 40000 1.19179e+14 1.20503e+14 1.1759e+14 1.16818e+14 1.27362e+14 1.15071e+14 1.1975e+14 1.19486e+14 2.88295e+14
 48000 1.43938e+14 1.45278e+14 1.42041e+14 1.40641e+14 1.54202e+14 1.36901e+14 1.43915e+14 1.4385e+14 3.45773e+14
 56000 1.6894e+14 1.70186e+14 1.67172e+14 1.64477e+14 1.81434e+14 1.58628e+14 1.6818e+14 1.68414e+14 4.04246e+14
 64000 1.93137e+14 1.94763e+14 1.91485e+14 1.87069e+14 2.08893e+14 1.80404e+14 1.92122e+14 1.92524e+14 4.62007e+14
 72000 2.17171e+14 2.1898e+14 2.15004e+14 2.09103e+14 2.36177e+14 2.02157e+14 2.15812e+14 2.16308e+14 5.19434e+14
 80000 2.41051e+14 2.42714e+14 2.38451e+14 2.31288e+14 2.63096e+14 2.23934e+14 2.3944e+14 2.39959e+14 5.7829e+14
 88000 2.65407e+14 2.66295e+14 2.62026e+14 2.5266e+14 2.89501e+14 2.46337e+14 2.62833e+14 2.6353e+14 6.375e+14
 96000 2.89884e+14 2.89665e+14 2.85327e+14 2.73983e+14 3.16084e+14 2.68766e+14 2.86278e+14 2.87083e+14 6.96632e+14
 104000 3.14222e+14 3.13067e+14 3.08465e+14 2.94772e+14 3.42483e+14 2.91163e+14 3.09473e+14 3.10451e+14 7.57762e+14
 112000 3.39083e+14 3.36502e+14 3.31813e+14 3.1551e+14 3.68624e+14 3.13492e+14 3.32542e+14 3.33845e+14 8.18067e+14
 120000 3.63834e+14 3.6022e+14 3.55804e+14 3.36051e+14 3.95249e+14 3.35589e+14 3.5563e+14 3.57359e+14 8.79873e+14
 128000 3.88685e+14 3.84214e+14 3.80099e+14 3.56539e+14 4.21962e+14 3.57243e+14 3.78581e+14 3.80882e+14 9.40912e+14
 136000 4.13167e+14 4.08883e+14 4.04092e+14 3.77702e+14 4.48813e+14 3.78596e+14 4.01704e+14 4.04508e+14 1.00195e+15
 144000 4.38243e+14 4.3364e+14 4.27935e+14 3.99552e+14 4.75321e+14 4.00255e+14 4.25043e+14 4.28335e+14 1.06268e+15
 152000 4.63684e+14 4.58401e+14 4.50299e+14 4.2081e+14 5.02149e+14 4.22196e+14 4.48385e+14 4.52015e+14 1.12472e+15
 160000 4.89515e+14 4.82871e+14 4.7227e+14 4.42846e+14 5.29005e+14 4.44367e+14 4.72073e+14 4.75864e+14 1.18699e+15
 160000 4.8542e+14 4.60007e+14 4.95513e+14 4.66765e+14 5.26278e+14 4.0481e+14 4.65951e+14 4.71696e+14 1.23411e+15
 320000 1.00881e+15 9.78535e+14 8.85303e+14 9.67615e+14 1.10422e+15 8.69111e+14 9.80316e+14 9.71209e+14 2.39528e+15
 480000 1.52782e+15 1.60084e+15 1.28606e+15 1.4317e+15 1.67627e+15 1.27932e+15 1.46243e+15 1.46609e+15 3.39153e+15
 640000 2.049e+15 2.16332e+15 1.66609e+15 1.87902e+15 2.23755e+15 1.60517e+15 1.90725e+15 1.92814e+15 4.37747e+15
 800000 2.59634e+15 2.72594e+15 2.17592e+15 2.32506e+15 2.77369e+15 1.90323e+15 2.33399e+15 2.40015e+15 5.39177e+15
 960000 3.08332e+15 3.24039e+15 2.63917e+15 2.7652e+15 3.28534e+15 2.19713e+15 2.74922e+15 2.84459e+15 6.3962e+15
 1.12e+06 3.61639e+15 3.73994e+15 3.10221e+15 3.17516e+15 3.92684e+15 2.49552e+15 3.19917e+15 3.31397e+15 7.21243e+15
 1.28e+06 4.16201e+15 4.25555e+15 3.5305e+15 3.57467e+15 4.59137e+15 2.79606e+15 3.65403e+15 3.78549e+15 7.99933e+15
 1.44e+06 4.79363e+15 4.75724e+15 3.98206e+15 3.90766e+15 5.26693e+15 3.0399e+15 4.0715e+15 4.24729e+15 8.59202e+15
 1.6e+06 5.50874e+15 5.23925e+15 4.42329e+15 4.18062e+15 5.94042e+15 3.20112e+15 4.44072e+15 4.68727e+15 9.26364e+15
 1.76e+06 6.24815e+15 5.69249e+15 4.83847e+15 4.48184e+15 6.66735e+15 3.38925e+15 4.84615e+15 5.1449e+15 1.00762e+16
 1.92e+06 6.99283e+15 6.10738e+15 5.2384e+15 4.76391e+15 7.37068e+15 3.53638e+15 5.22366e+15 5.57934e+15 1.09722e+16
 2.08e+06 7.72688e+15 6.57571e+15 5.70165e+15 4.97699e+15 8.04297e+15 3.65736e+15 5.55911e+15 6.0027e+15 1.17503e+16
 2.24e+06 8.42839e+15 7.05703e+15 6.20429e+15 5.16224e+15 8.72699e+15 3.72387e+15 5.87103e+15 6.41458e+15 1.25419e+16
 2.4e+06 9.09344e+15 7.5797e+15 6.74516e+15 5.34378e+15 9.46469e+15 3.79106e+15 6.19985e+15 6.84235e+15 1.35088e+16
 2.56e+06 9.78504e+15 8.10302e+15 7.22446e+15 5.51524e+15 1.02254e+16 3.85972e+15 6.53344e+15 7.2684e+15 1.42681e+16
 2.72e+06 1.04808e+16 8.59921e+15 7.66733e+15 5.66487e+15 1.10028e+16 3.96907e+15 6.8789e+15 7.69365e+15 1.50809e+16
 2.88e+06 1.11833e+16 9.14827e+15 8.15363e+15 5.94045e+15 1.179e+16 4.0797e+15 7.27005e+15 8.16005e+15 1.60712e+16
 3.04e+06 1.19112e+16 9.74703e+15 8.68445e+15 6.22612e+15 1.25509e+16 4.21605e+15 7.66435e+15 8.64431e+15 1.68111e+16
 3.2e+06 1.26412e+16 1.03815e+16 9.26912e+15 6.44959e+15 1.32857e+16 4.37086e+15 8.03537e+15 9.1268e+15 1.75017e+16
 3.2e+06 1.1339e+16 7.80769e+15 8.4569e+15 5.7233e+15 1.10563e+16 3.31006e+15 6.69655e+15 7.6984e+15 1.95106e+16
 6.4e+06 2.61441e+16 1.98137e+16 1.38963e+16 7.06091e+15 2.42141e+16 4.66371e+15 1.19796e+16 1.51683e+16 3.12421e+16
 9.6e+06 4.43963e+16 3.9521e+16 2.11319e+16 1.33027e+16 4.17182e+16 6.38813e+15 2.04697e+16 2.62884e+16 4.81173e+16
 1.28e+07 7.04633e+16 6.26303e+16 3.12861e+16 1.71365e+16 5.26939e+16 8.50677e+15 2.61124e+16 3.75847e+16 4.75083e+16
 1.6e+07 9.59752e+16 9.68777e+16 4.11819e+16 2.5758e+16 6.06187e+16 1.08952e+16 3.2424e+16 5.0659e+16 5.12785e+16
 1.92e+07 1.21671e+17 1.37463e+17 5.22972e+16 3.32294e+16 7.71595e+16 1.37933e+16 4.1394e+16 6.63606e+16 5.51763e+16
 2.24e+07 1.50294e+17 1.90658e+17 6.72041e+16 4.38917e+16 9.68847e+16 1.93931e+16 5.33898e+16 8.64547e+16 5.94765e+16
 2.56e+07 1.64508e+17 2.47837e+17 7.65275e+16 5.07134e+16 1.20689e+17 2.16847e+16 6.43623e+16 1.038e+17 5.80247e+16
 2.88e+07 1.73272e+17 3.10396e+17 8.60122e+16 6.24649e+16 1.45943e+17 2.78691e+16 7.87591e+16 1.23213e+17 4.76739e+16
 3.2e+07 1.85466e+17 3.72926e+17 9.46748e+16 6.97312e+16 1.71224e+17 3.38236e+16 9.1593e+16 1.42031e+17 3.19596e+16
 3.52e+07 1.75478e+17 4.40944e+17 1.06382e+17 7.72943e+16 2.04172e+17 3.86384e+16 1.06701e+17 1.60395e+17 3.12791e+16
 3.84e+07 1.70491e+17 5.20684e+17 1.23839e+17 8.62729e+16 2.36872e+17 4.50848e+16 1.22743e+17 1.82314e+17 3.37379e+16
 4.16e+07 1.8587e+17 6.04655e+17 1.38005e+17 9.46688e+16 2.71254e+17 5.11717e+16 1.39031e+17 2.07223e+17 5.01599e+16
 4.48e+07 2.09842e+17 6.9654e+17 1.51119e+17 9.97655e+16 3.11533e+17 5.87602e+16 1.56686e+17 2.35012e+17 6.82681e+16
 4.8e+07 2.7342e+17 8.03977e+17 1.48342e+17 9.52827e+16 3.48716e+17 6.65366e+16 1.70179e+17 2.65539e+17 7.09331e+16
 5.12e+07 3.61126e+17 9.32284e+17 1.41453e+17 9.46595e+16 3.9101e+17 7.51625e+16 1.86944e+17 3.03481e+17 8.00861e+16
 5.44e+07 4.46981e+17 1.06532e+18 1.41872e+17 9.15975e+16 4.29001e+17 8.22446e+16 2.00948e+17 3.41125e+17 8.48332e+16
 5.76e+07 5.47276e+17 1.19549e+18 1.32942e+17 9.59737e+16 4.53103e+17 8.76207e+16 2.12232e+17 3.77433e+17 9.66226e+16
 6.08e+07 6.57224e+17 1.32449e+18 1.1853e+17 9.38464e+16 4.74723e+17 8.71219e+16 2.18564e+17 4.11171e+17 9.15384e+16
 6.4e+07 7.50142e+17 1.41107e+18 1.11832e+17 9.33787e+16 4.65862e+17 9.11539e+16 2.16798e+17 4.33151e+17 6.61593e+16
 6.4e+07 7.3998e+17 1.56514e+18 1.52752e+17 1.43172e+17 5.79557e+17 8.82459e+16 2.70325e+17 4.89911e+17 2.44331e+16
