#NOTE: MSDs should be divided by the temperature.
#NOTE: MSDs have been divided by 2 or 10 (i.e., the viscosity computed from all components).
#Time	MSD_xx	MSD_yy	MSD_zz	MSD_xy	MSD_xz	MSD_yz	MSD_off	MSD_all	MSD_bulkvisc
 20 5.57812e+09 5.58497e+09 5.5884e+09 5.60928e+09 5.59132e+09 5.59269e+09 5.59776e+09 5.59219e+09 6.95521e+09
 40 1.78243e+10 1.78497e+10 1.7866e+10 1.7934e+10 1.78691e+10 1.78807e+10 1.78946e+10 1.78754e+10 2.56048e+10
 60 3.21294e+10 3.21895e+10 3.22201e+10 3.23508e+10 3.22222e+10 3.22502e+10 3.22744e+10 3.22365e+10 5.32374e+10
 80 4.65301e+10 4.66471e+10 4.66836e+10 4.68929e+10 4.66871e+10 4.67358e+10 4.6772e+10 4.67113e+10 8.79171e+10
 100 6.084e+10 6.10318e+10 6.10711e+10 6.13714e+10 6.10693e+10 6.11468e+10 6.11958e+10 6.11099e+10 1.28041e+11
 120 7.603e+10 7.63097e+10 7.636e+10 7.6751e+10 7.63379e+10 7.64516e+10 7.65135e+10 7.64014e+10 1.72443e+11
 140 9.31373e+10 9.3521e+10 9.35905e+10 9.40647e+10 9.35254e+10 9.36851e+10 9.37584e+10 9.36216e+10 2.20385e+11
 160 1.12468e+11 1.12973e+11 1.13065e+11 1.13621e+11 1.1293e+11 1.1315e+11 1.13234e+11 1.13074e+11 2.71297e+11
 180 1.33639e+11 1.3428e+11 1.34394e+11 1.35048e+11 1.3417e+11 1.34467e+11 1.34561e+11 1.34379e+11 3.24696e+11
 200 1.561e+11 1.56897e+11 1.57025e+11 1.57799e+11 1.56701e+11 1.57096e+11 1.57199e+11 1.56989e+11 3.802e+11
 220 1.79548e+11 1.8052e+11 1.80653e+11 1.81572e+11 1.80229e+11 1.80741e+11 1.80848e+11 1.80605e+11 4.3754e+11
 240 2.03968e+11 2.05133e+11 2.05267e+11 2.06352e+11 2.0474e+11 2.05385e+11 2.05492e+11 2.05211e+11 4.9656e+11
 260 2.29446e+11 2.30814e+11 2.30942e+11 2.32213e+11 2.30312e+11 2.31109e+11 2.31211e+11 2.30887e+11 5.57182e+11
 280 2.56e+11 2.57568e+11 2.57686e+11 2.59169e+11 2.5695e+11 2.57921e+11 2.58013e+11 2.57642e+11 6.1937e+11
 300 2.83535e+11 2.85298e+11 2.85402e+11 2.87128e+11 2.8456e+11 2.85724e+11 2.85804e+11 2.85381e+11 6.83107e+11
 320 3.11928e+11 3.13887e+11 3.1397e+11 3.15971e+11 3.13024e+11 3.14398e+11 3.14464e+11 3.13983e+11 7.48391e+11
 340 3.411e+11 3.43273e+11 3.43319e+11 3.45621e+11 3.42276e+11 3.43879e+11 3.43925e+11 3.43381e+11 8.15235e+11
 360 3.71029e+11 3.73443e+11 3.73434e+11 3.76061e+11 3.72297e+11 3.74158e+11 3.74172e+11 3.73557e+11 8.83663e+11
 380 4.01718e+11 4.04397e+11 4.04322e+11 4.07288e+11 4.03088e+11 4.05235e+11 4.05204e+11 4.04514e+11 9.53706e+11
 400 4.33163e+11 4.36115e+11 4.35969e+11 4.39282e+11 4.3463e+11 4.37093e+11 4.37002e+11 4.36234e+11 1.02539e+12
 400 4.3378e+11 4.36711e+11 4.35965e+11 4.39612e+11 4.33931e+11 4.36592e+11 4.36711e+11 4.36221e+11 1.02473e+12
 800 1.18781e+12 1.19754e+12 1.19399e+12 1.20723e+12 1.19071e+12 1.20137e+12 1.19977e+12 1.19711e+12 2.77502e+12
 1200 2.09817e+12 2.12065e+12 2.11249e+12 2.14033e+12 2.10836e+12 2.13308e+12 2.12726e+12 2.12053e+12 4.90818e+12
 1600 3.09687e+12 3.13863e+12 3.12305e+12 3.16614e+12 3.11479e+12 3.1592e+12 3.14671e+12 3.13583e+12 7.27554e+12
 2000 4.15001e+12 4.21835e+12 4.19002e+12 4.24919e+12 4.17475e+12 4.24335e+12 4.22243e+12 4.20791e+12 9.78848e+12
 2400 5.23863e+12 5.33961e+12 5.29147e+12 5.36872e+12 5.27029e+12 5.36594e+12 5.33498e+12 5.31695e+12 1.23991e+13
 2800 6.353e+12 6.48967e+12 6.4164e+12 6.51115e+12 6.39118e+12 6.51418e+12 6.47217e+12 6.45118e+12 1.50712e+13
 3200 7.48314e+12 7.65949e+12 7.55894e+12 7.67125e+12 7.52985e+12 7.6781e+12 7.6264e+12 7.60272e+12 1.77798e+13
 3600 8.62516e+12 8.83989e+12 8.71221e+12 8.84337e+12 8.68034e+12 8.85387e+12 8.79253e+12 8.76582e+12 2.052e+13
 4000 9.77408e+12 1.00269e+13 9.86724e+12 1.00226e+13 9.84036e+12 1.00381e+13 9.96702e+12 9.93597e+12 2.32854e+13
 4400 1.0928e+13 1.1221e+13 1.10222e+13 1.12056e+13 1.10088e+13 1.12313e+13 1.11485e+13 1.11119e+13 2.60655e+13
 4800 1.20866e+13 1.24206e+13 1.21775e+13 1.23935e+13 1.2185e+13 1.24317e+13 1.23368e+13 1.22933e+13 2.88521e+13
 5200 1.32504e+13 1.36237e+13 1.33349e+13 1.35818e+13 1.3367e+13 1.36376e+13 1.35288e+13 1.34785e+13 3.16479e+13
 5600 1.4419e+13 1.48253e+13 1.44942e+13 1.47736e+13 1.45512e+13 1.48475e+13 1.47241e+13 1.46663e+13 3.44494e+13
 6000 1.55917e+13 1.60244e+13 1.56595e+13 1.59717e+13 1.57372e+13 1.60633e+13 1.5924e+13 1.58578e+13 3.72629e+13
 6400 1.6769e+13 1.72228e+13 1.68302e+13 1.71775e+13 1.69286e+13 1.72826e+13 1.71296e+13 1.7054e+13 4.00842e+13
 6800 1.79526e+13 1.84194e+13 1.80045e+13 1.83866e+13 1.81201e+13 1.85045e+13 1.83371e+13 1.82524e+13 4.29111e+13
 7200 1.91404e+13 1.96155e+13 1.91819e+13 1.9597e+13 1.93099e+13 1.97265e+13 1.95445e+13 1.94517e+13 4.57524e+13
 7600 2.03304e+13 2.08115e+13 2.03653e+13 2.0806e+13 2.04977e+13 2.0947e+13 2.07502e+13 2.06511e+13 4.86028e+13
 8000 2.15236e+13 2.20057e+13 2.15531e+13 2.20136e+13 2.16839e+13 2.21674e+13 2.1955e+13 2.18506e+13 5.14583e+13
 8000 2.11002e+13 2.17661e+13 2.16198e+13 2.21082e+13 2.13315e+13 2.23284e+13 2.19227e+13 2.17518e+13 5.14003e+13
 16000 4.5334e+13 4.544e+13 4.57405e+13 4.63357e+13 4.46124e+13 4.68641e+13 4.59374e+13 4.57644e+13 1.10159e+14
 24000 6.98989e+13 6.87774e+13 7.06235e+13 7.02577e+13 6.77861e+13 7.17889e+13 6.99442e+13 6.98732e+13 1.6939e+14
 32000 9.37417e+13 9.16447e+13 9.59715e+13 9.47926e+13 9.17631e+13 9.68704e+13 9.44754e+13 9.41996e+13 2.31804e+14
 40000 1.17394e+14 1.14516e+14 1.21536e+14 1.19299e+14 1.15867e+14 1.22762e+14 1.1931e+14 1.18712e+14 2.93544e+14
 48000 1.41184e+14 1.37656e+14 1.47865e+14 1.44541e+14 1.39612e+14 1.4897e+14 1.44374e+14 1.43519e+14 3.56024e+14
 56000 1.65198e+14 1.60258e+14 1.74626e+14 1.69755e+14 1.63177e+14 1.74256e+14 1.69063e+14 1.68115e+14 4.19958e+14
 64000 1.88913e+14 1.82313e+14 2.0139e+14 1.95204e+14 1.86578e+14 1.98534e+14 1.93439e+14 1.92412e+14 4.83046e+14
 72000 2.12995e+14 2.05182e+14 2.28354e+14 2.20832e+14 2.08882e+14 2.23236e+14 2.1765e+14 2.16794e+14 5.46199e+14
 80000 2.37207e+14 2.29003e+14 2.55402e+14 2.46797e+14 2.31153e+14 2.46897e+14 2.41616e+14 2.41184e+14 6.0982e+14
 88000 2.62145e+14 2.53345e+14 2.81813e+14 2.73155e+14 2.53602e+14 2.70403e+14 2.6572e+14 2.65739e+14 6.74286e+14
 96000 2.87201e+14 2.77704e+14 3.08039e+14 3.00158e+14 2.75555e+14 2.92714e+14 2.89476e+14 2.90078e+14 7.3815e+14
 104000 3.11474e+14 3.0212e+14 3.34187e+14 3.28079e+14 2.98634e+14 3.1472e+14 3.13811e+14 3.14658e+14 8.05379e+14
 112000 3.36438e+14 3.27469e+14 3.61599e+14 3.5562e+14 3.21429e+14 3.35948e+14 3.37666e+14 3.39333e+14 8.74212e+14
 120000 3.61919e+14 3.52513e+14 3.89239e+14 3.83458e+14 3.43703e+14 3.57125e+14 3.61429e+14 3.64013e+14 9.42096e+14
 128000 3.87869e+14 3.77737e+14 4.16281e+14 4.1103e+14 3.66086e+14 3.7869e+14 3.85269e+14 3.88746e+14 1.01023e+15
 136000 4.14566e+14 4.02981e+14 4.42313e+14 4.38932e+14 3.87498e+14 4.00435e+14 4.08955e+14 4.13354e+14 1.07807e+15
 144000 4.41734e+14 4.28639e+14 4.68854e+14 4.66595e+14 4.09296e+14 4.22681e+14 4.32857e+14 4.38278e+14 1.14657e+15
 152000 4.69016e+14 4.54229e+14 4.95968e+14 4.94104e+14 4.31289e+14 4.44926e+14 4.56773e+14 4.63292e+14 1.21419e+15
 160000 4.96718e+14 4.80434e+14 5.2266e+14 5.212e+14 4.53237e+14 4.67016e+14 4.80485e+14 4.88266e+14 1.28075e+15
 160000 4.79811e+14 4.49979e+14 5.09344e+14 5.398e+14 4.62949e+14 4.47303e+14 4.83351e+14 4.81895e+14 1.27619e+15
 320000 1.0689e+15 1.03401e+15 1.04169e+15 1.05438e+15 9.1033e+14 9.24399e+14 9.63037e+14 9.97103e+14 2.6792e+15
 480000 1.61184e+15 1.65266e+15 1.55578e+15 1.48031e+15 1.3292e+15 1.30655e+15 1.37202e+15 1.46592e+15 4.00942e+15
 640000 2.08606e+15 2.24848e+15 2.022e+15 1.84897e+15 1.69229e+15 1.6541e+15 1.73178e+15 1.88661e+15 5.25081e+15
 800000 2.54095e+15 2.82537e+15 2.4119e+15 2.15724e+15 2.15244e+15 1.95476e+15 2.08815e+15 2.28998e+15 6.50737e+15
 960000 2.95361e+15 3.38042e+15 2.84984e+15 2.38078e+15 2.62386e+15 2.2788e+15 2.42781e+15 2.6812e+15 7.8155e+15
 1.12e+06 3.37949e+15 3.87225e+15 3.33401e+15 2.59238e+15 3.0651e+15 2.58868e+15 2.74872e+15 3.06067e+15 9.35621e+15
 1.28e+06 3.72275e+15 4.35787e+15 3.76451e+15 2.75944e+15 3.46686e+15 2.91434e+15 3.04688e+15 3.40748e+15 1.09728e+16
 1.44e+06 4.08016e+15 4.89904e+15 4.19726e+15 2.96941e+15 3.86525e+15 3.19539e+15 3.34335e+15 3.76287e+15 1.26142e+16
 1.6e+06 4.43782e+15 5.50352e+15 4.66443e+15 3.23969e+15 4.29652e+15 3.46165e+15 3.66596e+15 4.14701e+15 1.41748e+16
 1.76e+06 4.78535e+15 6.0818e+15 5.08942e+15 3.48793e+15 4.73628e+15 3.78602e+15 4.00341e+15 4.52959e+15 1.55916e+16
 1.92e+06 5.13236e+15 6.62929e+15 5.50096e+15 3.69729e+15 5.17199e+15 4.20198e+15 4.35709e+15 4.91593e+15 1.70754e+16
 2.08e+06 5.47378e+15 7.18103e+15 5.85112e+15 3.94731e+15 5.51593e+15 4.63174e+15 4.69833e+15 5.28645e+15 1.8849e+16
 2.24e+06 5.8704e+15 7.72603e+15 6.17651e+15 4.21069e+15 5.88061e+15 5.04493e+15 5.04541e+15 5.66364e+15 2.05084e+16
 2.4e+06 6.33451e+15 8.19859e+15 6.61923e+15 4.4373e+15 6.25765e+15 5.45857e+15 5.38451e+15 6.05102e+15 2.1991e+16
 2.56e+06 6.80453e+15 8.66112e+15 7.16649e+15 4.63652e+15 6.68051e+15 5.82674e+15 5.71459e+15 6.44637e+15 2.33472e+16
 2.72e+06 7.2931e+15 9.06761e+15 7.71237e+15 4.8032e+15 7.16407e+15 6.19291e+15 6.0534e+15 6.84178e+15 2.46742e+16
 2.88e+06 7.77811e+15 9.44238e+15 8.17698e+15 5.07229e+15 7.705e+15 6.61146e+15 6.46292e+15 7.26408e+15 2.60868e+16
 3.04e+06 8.1389e+15 9.74015e+15 8.54099e+15 5.33419e+15 8.28594e+15 7.06628e+15 6.89547e+15 7.65995e+15 2.74758e+16
 3.2e+06 8.62193e+15 1.00437e+16 8.93655e+15 5.63638e+15 8.86939e+15 7.5368e+15 7.34752e+15 8.08881e+15 2.87176e+16
 3.2e+06 9.47967e+15 9.28194e+15 7.47366e+15 4.53867e+15 6.13837e+15 8.73314e+15 6.47006e+15 7.38007e+15 2.13232e+16
 6.4e+06 1.93534e+16 1.39711e+16 1.51969e+16 1.11044e+16 2.03974e+16 2.09218e+16 1.74745e+16 1.69543e+16 4.12197e+16
 9.6e+06 3.05875e+16 1.88029e+16 2.01097e+16 2.23326e+16 3.94753e+16 3.1712e+16 3.11733e+16 2.79707e+16 6.92731e+16
 1.28e+07 4.344e+16 1.445e+16 2.6905e+16 3.36529e+16 6.12309e+16 3.53738e+16 4.34192e+16 3.73575e+16 7.30826e+16
 1.6e+07 6.05914e+16 1.69406e+16 4.26078e+16 4.9335e+16 8.39973e+16 4.09088e+16 5.80803e+16 5.08668e+16 6.75677e+16
 1.92e+07 8.18837e+16 2.04118e+16 5.90636e+16 6.21271e+16 1.06109e+17 4.99342e+16 7.27235e+16 6.51486e+16 5.10418e+16
 2.24e+07 1.0588e+17 1.724e+16 7.85366e+16 7.59046e+16 1.31842e+17 5.89018e+16 8.88827e+16 8.02172e+16 6.4744e+16
 2.56e+07 1.37926e+17 1.74499e+16 9.97041e+16 8.52934e+16 1.63882e+17 6.33259e+16 1.04167e+17 9.65109e+16 8.94126e+16
 2.88e+07 1.58311e+17 7.92484e+15 1.23542e+17 8.9647e+16 2.01888e+17 5.97995e+16 1.17112e+17 1.08904e+17 1.22249e+17
 3.2e+07 1.91583e+17 1.59215e+16 1.53258e+17 8.33013e+16 2.34997e+17 6.11325e+16 1.26477e+17 1.23988e+17 1.13256e+17
 3.52e+07 2.21456e+17 1.60201e+16 1.77822e+17 7.52457e+16 2.55988e+17 6.07285e+16 1.30654e+17 1.33766e+17 1.13429e+17
 3.84e+07 2.40678e+17 1.98563e+16 1.97304e+17 6.17791e+16 2.88466e+17 5.82022e+16 1.36149e+17 1.42735e+17 8.80453e+16
 4.16e+07 2.45525e+17 8.04122e+15 2.24513e+17 5.30262e+16 3.21813e+17 4.3401e+16 1.39413e+17 1.47392e+17 8.7001e+16
 4.48e+07 2.54774e+17 1.24276e+16 2.40468e+17 5.10926e+16 3.35353e+17 2.67865e+16 1.37744e+17 1.50336e+17 9.88468e+16
 4.8e+07 2.45158e+17 1.26605e+16 2.37826e+17 5.83023e+16 3.29411e+17 2.60672e+16 1.37927e+17 1.48842e+17 1.17111e+17
 5.12e+07 2.37026e+17 6.81797e+15 2.4399e+17 5.16223e+16 2.9161e+17 2.18233e+16 1.21685e+17 1.38056e+17 7.59865e+16
 5.44e+07 2.30397e+17 1.01856e+16 2.37906e+17 5.11516e+16 2.44659e+17 1.75652e+16 1.04459e+17 1.26474e+17 7.31193e+16
 5.76e+07 2.07271e+17 6.25669e+15 1.64443e+17 4.32259e+16 2.00786e+17 4.54298e+15 8.28516e+16 1.00107e+17 1.761e+16
 6.08e+07 2.05158e+17 1.94962e+16 1.2802e+17 5.4147e+16 1.65896e+17 1.0342e+15 7.36923e+16 9.12386e+16 3.93329e+16
 6.4e+07 1.73302e+17 1.12758e+16 9.61669e+16 4.77964e+16 1.44295e+17 3.75711e+14 6.41556e+16 7.5926e+16 6.28432e+15
 6.4e+07 1.73302e+17 1.12758e+16 9.61669e+16 4.77964e+16 1.44295e+17 3.75711e+14 6.41556e+16 7.5926e+16 6.28432e+15
