#NOTE: MSDs should be divided by the temperature.
#NOTE: MSDs have been divided by 2 or 10 (i.e., the viscosity computed from all components).
#Time	MSD_xx	MSD_yy	MSD_zz	MSD_xy	MSD_xz	MSD_yz	MSD_off	MSD_all	MSD_bulkvisc
 20 5.51277e+09 5.49294e+09 5.4931e+09 5.47921e+09 5.5056e+09 5.51586e+09 5.50022e+09 5.49997e+09 6.83568e+09
 40 1.74336e+10 1.73599e+10 1.73523e+10 1.73157e+10 1.74065e+10 1.74351e+10 1.73858e+10 1.73842e+10 2.50836e+10
 60 3.1044e+10 3.08736e+10 3.08627e+10 3.0811e+10 3.09802e+10 3.10236e+10 3.09383e+10 3.09337e+10 5.20326e+10
 80 4.44293e+10 4.41031e+10 4.41183e+10 4.40587e+10 4.4295e+10 4.43728e+10 4.42422e+10 4.42321e+10 8.57445e+10
 100 5.75911e+10 5.70232e+10 5.7118e+10 5.70543e+10 5.7316e+10 5.74865e+10 5.72856e+10 5.7269e+10 1.24612e+11
 120 7.16627e+10 7.07698e+10 7.10026e+10 7.09162e+10 7.11689e+10 7.15104e+10 7.11985e+10 7.11771e+10 1.67482e+11
 140 8.77707e+10 8.64983e+10 8.68995e+10 8.67601e+10 8.6997e+10 8.75663e+10 8.71078e+10 8.70871e+10 2.13643e+11
 160 1.06213e+11 1.04517e+11 1.05099e+11 1.04858e+11 1.05096e+11 1.05922e+11 1.05292e+11 1.05286e+11 2.62539e+11
 180 1.26529e+11 1.2436e+11 1.25123e+11 1.24723e+11 1.25003e+11 1.26072e+11 1.25266e+11 1.25295e+11 3.13706e+11
 200 1.48075e+11 1.45389e+11 1.46329e+11 1.45732e+11 1.46095e+11 1.47378e+11 1.46401e+11 1.4648e+11 3.66786e+11
 220 1.7051e+11 1.67251e+11 1.68378e+11 1.67575e+11 1.68048e+11 1.69538e+11 1.68387e+11 1.68517e+11 4.21541e+11
 240 1.93849e+11 1.8996e+11 1.91303e+11 1.90279e+11 1.90887e+11 1.92592e+11 1.91253e+11 1.91433e+11 4.77844e+11
 260 2.18225e+11 2.13667e+11 2.1526e+11 2.13977e+11 2.14732e+11 2.16665e+11 2.15125e+11 2.15362e+11 5.35645e+11
 280 2.43669e+11 2.38427e+11 2.40294e+11 2.38703e+11 2.39611e+11 2.41773e+11 2.40029e+11 2.40336e+11 5.94918e+11
 300 2.70069e+11 2.64147e+11 2.66288e+11 2.64339e+11 2.65413e+11 2.67817e+11 2.65856e+11 2.66248e+11 6.55651e+11
 320 2.97281e+11 2.90677e+11 2.93087e+11 2.90724e+11 2.92003e+11 2.94663e+11 2.92464e+11 2.92951e+11 7.1785e+11
 340 3.25227e+11 3.17922e+11 3.20595e+11 3.1779e+11 3.19322e+11 3.22231e+11 3.19781e+11 3.20368e+11 7.81527e+11
 360 3.53889e+11 3.4586e+11 3.48779e+11 3.45537e+11 3.47368e+11 3.50513e+11 3.47806e+11 3.48487e+11 8.46703e+11
 380 3.8329e+11 3.74511e+11 3.77666e+11 3.73991e+11 3.76144e+11 3.79522e+11 3.76552e+11 3.77327e+11 9.13409e+11
 400 4.1342e+11 4.03874e+11 4.0727e+11 4.03144e+11 4.05617e+11 4.09244e+11 4.06002e+11 4.06876e+11 9.81672e+11
 400 4.13209e+11 4.04146e+11 4.07184e+11 4.0271e+11 4.06493e+11 4.09678e+11 4.06293e+11 4.07048e+11 9.80139e+11
 800 1.1327e+12 1.10562e+12 1.1163e+12 1.09424e+12 1.11168e+12 1.12373e+12 1.10988e+12 1.11321e+12 2.63565e+12
 1200 1.99559e+12 1.95098e+12 1.97362e+12 1.92791e+12 1.96371e+12 1.9866e+12 1.95941e+12 1.965e+12 4.63752e+12
 1600 2.92956e+12 2.87198e+12 2.9119e+12 2.84984e+12 2.89586e+12 2.92634e+12 2.89068e+12 2.8962e+12 6.84278e+12
 2000 3.90518e+12 3.83477e+12 3.90155e+12 3.82571e+12 3.86982e+12 3.91192e+12 3.86915e+12 3.87369e+12 9.17146e+12
 2400 4.90634e+12 4.82196e+12 4.9193e+12 4.83478e+12 4.86792e+12 4.91976e+12 4.87415e+12 4.87751e+12 1.15887e+13
 2800 5.92055e+12 5.82292e+12 5.95824e+12 5.8697e+12 5.88531e+12 5.93448e+12 5.8965e+12 5.89813e+12 1.40457e+13
 3200 6.94244e+12 6.83441e+12 7.01679e+12 6.91954e+12 6.9111e+12 6.95512e+12 6.92859e+12 6.92964e+12 1.65365e+13
 3600 7.96561e+12 7.84854e+12 8.08952e+12 7.97926e+12 7.93841e+12 7.97699e+12 7.96489e+12 7.96609e+12 1.9044e+13
 4000 8.98727e+12 8.8666e+12 9.17109e+12 9.04676e+12 8.96491e+12 9.00448e+12 9.00538e+12 9.00656e+12 2.15714e+13
 4400 1.00065e+13 9.88919e+12 1.02554e+13 1.01227e+13 9.99603e+12 1.00326e+13 1.00504e+13 1.00504e+13 2.40996e+13
 4800 1.10249e+13 1.09122e+13 1.13422e+13 1.12054e+13 1.10363e+13 1.10593e+13 1.11003e+13 1.10974e+13 2.66169e+13
 5200 1.20428e+13 1.19353e+13 1.24313e+13 1.23025e+13 1.20799e+13 1.2081e+13 1.21545e+13 1.21473e+13 2.91418e+13
 5600 1.30609e+13 1.29659e+13 1.35253e+13 1.34138e+13 1.31227e+13 1.30981e+13 1.32115e+13 1.32005e+13 3.16787e+13
 6000 1.40789e+13 1.40016e+13 1.46192e+13 1.45267e+13 1.41662e+13 1.41115e+13 1.42682e+13 1.42542e+13 3.4218e+13
 6400 1.51027e+13 1.50444e+13 1.57109e+13 1.56364e+13 1.52147e+13 1.51218e+13 1.53243e+13 1.5309e+13 3.67461e+13
 6800 1.61392e+13 1.60967e+13 1.68037e+13 1.67494e+13 1.62693e+13 1.61308e+13 1.63832e+13 1.63685e+13 3.92734e+13
 7200 1.71787e+13 1.71507e+13 1.7897e+13 1.7868e+13 1.73292e+13 1.71386e+13 1.74453e+13 1.74307e+13 4.18055e+13
 7600 1.82192e+13 1.82013e+13 1.89883e+13 1.89944e+13 1.83901e+13 1.81458e+13 1.85101e+13 1.84939e+13 4.43434e+13
 8000 1.92619e+13 1.92511e+13 2.00786e+13 2.01332e+13 1.94556e+13 1.91539e+13 1.95809e+13 1.95608e+13 4.68973e+13
 8000 1.88265e+13 1.90983e+13 1.95107e+13 1.98886e+13 1.90516e+13 1.93689e+13 1.94363e+13 1.93199e+13 4.77798e+13
 16000 4.0211e+13 4.03619e+13 4.13267e+13 4.32165e+13 4.10838e+13 3.92861e+13 4.11955e+13 4.09706e+13 9.88528e+13
 24000 6.09187e+13 6.05544e+13 6.31223e+13 6.60938e+13 6.38738e+13 5.85707e+13 6.28461e+13 6.23204e+13 1.47491e+14
 32000 8.01265e+13 8.0178e+13 8.46766e+13 8.82993e+13 8.76063e+13 7.68361e+13 8.42472e+13 8.32125e+13 1.97002e+14
 40000 9.91698e+13 9.90821e+13 1.05151e+14 1.11833e+14 1.11751e+14 9.56957e+13 1.06427e+14 1.0431e+14 2.47724e+14
 48000 1.17137e+14 1.17174e+14 1.24998e+14 1.35716e+14 1.35157e+14 1.14461e+14 1.28445e+14 1.24975e+14 3.01965e+14
 56000 1.33939e+14 1.36332e+14 1.45304e+14 1.60786e+14 1.58637e+14 1.33301e+14 1.50908e+14 1.45955e+14 3.57674e+14
 64000 1.52669e+14 1.55317e+14 1.66727e+14 1.86312e+14 1.82666e+14 1.52112e+14 1.73696e+14 1.67513e+14 4.13957e+14
 72000 1.71993e+14 1.75537e+14 1.8852e+14 2.12254e+14 2.04644e+14 1.70739e+14 1.95879e+14 1.89001e+14 4.71282e+14
 80000 1.90721e+14 1.95899e+14 2.12702e+14 2.38974e+14 2.26706e+14 1.88499e+14 2.18059e+14 2.10745e+14 5.2688e+14
 88000 2.08573e+14 2.15749e+14 2.38281e+14 2.67137e+14 2.4971e+14 2.05184e+14 2.40677e+14 2.32753e+14 5.82228e+14
 96000 2.27365e+14 2.3457e+14 2.61728e+14 2.95831e+14 2.71949e+14 2.22554e+14 2.63445e+14 2.54555e+14 6.31283e+14
 104000 2.46114e+14 2.52144e+14 2.84266e+14 3.24144e+14 2.93939e+14 2.38852e+14 2.85645e+14 2.75724e+14 6.79483e+14
 112000 2.65115e+14 2.69803e+14 3.06096e+14 3.52785e+14 3.172e+14 2.54636e+14 3.08207e+14 2.9706e+14 7.25831e+14
 120000 2.854e+14 2.87725e+14 3.27606e+14 3.82062e+14 3.40306e+14 2.70701e+14 3.31023e+14 3.18711e+14 7.7011e+14
 128000 3.07439e+14 3.05353e+14 3.47767e+14 4.11818e+14 3.64421e+14 2.86542e+14 3.5426e+14 3.40631e+14 8.15409e+14
 136000 3.28515e+14 3.21657e+14 3.66628e+14 4.4225e+14 3.87824e+14 3.02322e+14 3.77465e+14 3.62052e+14 8.608e+14
 144000 3.49448e+14 3.38085e+14 3.84328e+14 4.74413e+14 4.11416e+14 3.19002e+14 4.0161e+14 3.83881e+14 9.0529e+14
 152000 3.69694e+14 3.53222e+14 4.01108e+14 5.07433e+14 4.34449e+14 3.36473e+14 4.26118e+14 4.05541e+14 9.47824e+14
 160000 3.91153e+14 3.68274e+14 4.17783e+14 5.42146e+14 4.57778e+14 3.54224e+14 4.51383e+14 4.27791e+14 9.87768e+14
 160000 3.84879e+14 3.83665e+14 4.76378e+14 5.40383e+14 4.28215e+14 3.67916e+14 4.45505e+14 4.33292e+14 9.23241e+14
 320000 8.56336e+14 6.1451e+14 8.2169e+14 1.308e+15 8.69776e+14 6.79164e+14 9.52312e+14 8.77059e+14 1.90148e+15
 480000 1.40569e+15 8.56732e+14 1.19103e+15 1.93531e+15 1.28207e+15 9.37283e+14 1.38489e+15 1.29139e+15 2.75134e+15
 640000 2.07279e+15 1.21414e+15 1.66018e+15 2.53827e+15 1.84316e+15 1.16672e+15 1.84938e+15 1.76924e+15 3.66028e+15
 800000 2.57196e+15 1.45831e+15 2.04208e+15 2.96989e+15 2.40133e+15 1.48285e+15 2.28469e+15 2.18046e+15 4.52517e+15
 960000 2.94568e+15 1.70718e+15 2.2464e+15 3.37288e+15 3.05486e+15 1.83682e+15 2.75485e+15 2.57281e+15 5.01055e+15
 1.12e+06 3.11745e+15 1.90604e+15 2.31887e+15 3.91248e+15 3.72557e+15 2.1988e+15 3.27895e+15 2.94635e+15 5.77433e+15
 1.28e+06 3.21543e+15 2.14787e+15 2.45791e+15 4.45011e+15 4.39366e+15 2.57313e+15 3.80563e+15 3.32621e+15 6.94306e+15
 1.44e+06 3.12488e+15 2.39835e+15 2.43022e+15 4.86507e+15 5.04954e+15 2.88645e+15 4.26702e+15 3.62067e+15 8.32439e+15
 1.6e+06 2.87648e+15 2.61296e+15 2.46715e+15 5.1099e+15 5.77209e+15 3.17564e+15 4.68588e+15 3.8724e+15 9.73623e+15
 1.76e+06 2.69863e+15 2.87668e+15 2.52336e+15 5.33566e+15 6.42915e+15 3.52943e+15 5.09808e+15 4.13867e+15 1.10693e+16
 1.92e+06 2.53106e+15 3.01515e+15 2.63795e+15 5.57674e+15 7.0502e+15 3.9403e+15 5.52241e+15 4.40467e+15 1.25031e+16
 2.08e+06 2.42472e+15 3.13885e+15 2.82556e+15 5.70458e+15 7.77572e+15 4.262e+15 5.9141e+15 4.66701e+15 1.3872e+16
 2.24e+06 2.41812e+15 3.39854e+15 3.0014e+15 5.89377e+15 8.57581e+15 4.59696e+15 6.35551e+15 4.98905e+15 1.52655e+16
 2.4e+06 2.45509e+15 3.53158e+15 3.05428e+15 6.19884e+15 9.45052e+15 5.11235e+15 6.92057e+15 5.3578e+15 1.65558e+16
 2.56e+06 2.46934e+15 3.78812e+15 3.14501e+15 6.42762e+15 1.03033e+16 5.48468e+15 7.40521e+15 5.69679e+15 1.80739e+16
 2.72e+06 2.56674e+15 4.15262e+15 3.26511e+15 6.70579e+15 1.11864e+16 5.78453e+15 7.89222e+15 6.0666e+15 1.97237e+16
 2.88e+06 2.6546e+15 4.47085e+15 3.26876e+15 7.01807e+15 1.21913e+16 6.15888e+15 8.45607e+15 6.45954e+15 2.15198e+16
 3.04e+06 2.84862e+15 4.77636e+15 3.35363e+15 7.17836e+15 1.33496e+16 6.71043e+15 9.07947e+15 6.9115e+15 2.33297e+16
 3.2e+06 3.10278e+15 5.07926e+15 3.4934e+15 7.50077e+15 1.46641e+16 7.06545e+15 9.74345e+15 7.40279e+15 2.50962e+16
 3.2e+06 4.89673e+15 7.07233e+15 2.46511e+15 1.02435e+16 1.2776e+16 1.09187e+16 1.13127e+16 8.7122e+15 2.35972e+16
 6.4e+06 1.78036e+15 6.46494e+15 8.76922e+15 1.65569e+16 4.57967e+16 1.05214e+16 2.42917e+16 1.68436e+16 1.3359e+16
 9.6e+06 6.69429e+15 1.32501e+16 1.34731e+16 4.81518e+15 9.64693e+16 2.00909e+16 4.04585e+16 2.87307e+16 1.09031e+16
 1.28e+07 4.42608e+15 3.51432e+15 1.33172e+16 4.87303e+15 1.44782e+17 1.16249e+16 5.37601e+16 3.50904e+16 8.42103e+15
 1.6e+07 4.98836e+13 1.58375e+16 1.41097e+16 1.40673e+16 2.32449e+17 4.10317e+16 9.58494e+16 6.15093e+16 1.85545e+15
