# Time-averaged data for fix PEAve
# TimeStep v_PotEn
100000 -9346.42
200000 -9347.81
300000 -9344.77
400000 -9343.33
500000 -9346.17
600000 -9351.42
700000 -9344.41
800000 -9340.59
900000 -9349.91
1000000 -9349.47
1100000 -9345.83
1200000 -9343.37
1300000 -9346.58
1400000 -9341.72
1500000 -9340.06
1600000 -9343.88
1700000 -9350.91
1800000 -9343.7
1900000 -9341.81
2000000 -9342.31
2100000 -9348
2200000 -9349
2300000 -9347.31
2400000 -9348.42
2500000 -9346.22
2600000 -9346.11
2700000 -9346.11
2800000 -9349.73
2900000 -9345.77
3000000 -9349.47
3100000 -9344.47
3200000 -9347.61
3300000 -9345.23
3400000 -9346.36
3500000 -9345.68
3600000 -9347.13
3700000 -9346.22
3800000 -9342.7
3900000 -9348.94
4000000 -9348.73
4100000 -9346.41
4200000 -9348.71
4300000 -9345.89
4400000 -9345.12
4500000 -9345.61
4600000 -9346.24
4700000 -9347.41
4800000 -9343.9
4900000 -9341.82
5000000 -9344.26
5100000 -9338.91
5200000 -9346.44
5300000 -9347.05
5400000 -9350.15
5500000 -9348.07
5600000 -9350.62
5700000 -9351.48
5800000 -9350
5900000 -9345.47
6000000 -9345.22
6100000 -9345.75
6200000 -9345.18
6300000 -9343.2
6400000 -9344.68
6500000 -9347.83
6600000 -9346.47
6700000 -9346.67
6800000 -9343.25
6900000 -9347.91
7000000 -9341.63
7100000 -9346.4
7200000 -9348.46
7300000 -9344.86
7400000 -9347.15
7500000 -9346.18
7600000 -9352.17
7700000 -9348.61
7800000 -9343.23
7900000 -9344.85
8000000 -9343.72
8100000 -9352.91
8200000 -9347.13
8300000 -9343.11
8400000 -9342.23
8500000 -9342.08
8600000 -9345.98
8700000 -9345.28
8800000 -9344.03
8900000 -9345.28
9000000 -9341.01
9100000 -9350.52
9200000 -9350.15
9300000 -9348.02
9400000 -9342.05
9500000 -9346.91
9600000 -9344.38
9700000 -9344.91
9800000 -9345.13
9900000 -9347.06
10000000 -9351.4
10100000 -9347.56
10200000 -9347.63
10300000 -9347.37
10400000 -9342.42
10500000 -9347.78
10600000 -9349.56
10700000 -9348.12
10800000 -9343.87
10900000 -9347.91
11000000 -9346.49
11100000 -9348.59
11200000 -9351.09
11300000 -9349.43
11400000 -9347.44
11500000 -9347.04
11600000 -9344.49
11700000 -9346.15
11800000 -9346.82
11900000 -9349.89
12000000 -9345.05
12100000 -9348.55
12200000 -9353.32
12300000 -9348.19
12400000 -9347.58
12500000 -9350.38
12600000 -9345.02
12700000 -9343.03
12800000 -9345.17
12900000 -9345.19
13000000 -9342.76
13100000 -9348.26
13200000 -9345.49
13300000 -9352.68
13400000 -9347.22
13500000 -9342.3
13600000 -9348.9
13700000 -9345.87
13800000 -9345.02
13900000 -9347.01
14000000 -9347.35
14100000 -9349.12
14200000 -9348.19
14300000 -9350.65
14400000 -9345.95
14500000 -9346.82
14600000 -9343.06
14700000 -9350.9
14800000 -9347.09
14900000 -9342.81
15000000 -9350.22
15100000 -9347.22
15200000 -9341.5
15300000 -9347.1
15400000 -9342.54
15500000 -9341.72
15600000 -9347.48
15700000 -9346.28
15800000 -9348.98
15900000 -9351.38
16000000 -9345.8
16100000 -9349.08
16200000 -9344.92
16300000 -9347.09
16400000 -9346.14
16500000 -9344.64
16600000 -9345.22
16700000 -9350.99
16800000 -9345.3
16900000 -9348.88
17000000 -9350.2
17100000 -9349
17200000 -9344.69
17300000 -9348.13
17400000 -9349.25
17500000 -9342.67
17600000 -9346.25
17700000 -9346.03
17800000 -9346.62
17900000 -9351.72
18000000 -9349.93
18100000 -9349.77
18200000 -9348.04
18300000 -9346.03
18400000 -9344.47
18500000 -9348.77
18600000 -9348.73
18700000 -9348.03
18800000 -9348.78
18900000 -9343.97
19000000 -9352.04
19100000 -9346.76
19200000 -9346.96
19300000 -9346.68
19400000 -9346.48
19500000 -9347.2
19600000 -9350.93
19700000 -9346.18
19800000 -9346.54
19900000 -9345.17
20000000 -9350.61
20100000 -9343.29
20200000 -9351.72
20300000 -9346.87
20400000 -9349.33
20500000 -9338.81
20600000 -9347.23
20700000 -9348.89
20800000 -9343.75
20900000 -9343.2
21000000 -9347.46
21100000 -9343.52
21200000 -9350.74
21300000 -9345.77
21400000 -9347.4
21500000 -9345.24
21600000 -9339.52
21700000 -9349.35
21800000 -9344.48
21900000 -9344.05
22000000 -9347.74
22100000 -9348.22
22200000 -9344.6
22300000 -9345.05
22400000 -9349.91
22500000 -9341.48
22600000 -9347.82
22700000 -9345.35
22800000 -9348.02
22900000 -9344.3
23000000 -9347.13
23100000 -9346.5
23200000 -9341.49
23300000 -9346.25
23400000 -9344.46
23500000 -9343.45
23600000 -9346.07
23700000 -9344.28
23800000 -9346.22
23900000 -9345
24000000 -9343.33
24100000 -9351.01
24200000 -9344.48
24300000 -9338.44
24400000 -9344.35
24500000 -9345.93
24600000 -9346.52
24700000 -9351.65
24800000 -9339.84
24900000 -9346.99
25000000 -9346.58
25100000 -9346.76
25200000 -9346.54
25300000 -9348.11
25400000 -9344.24
25500000 -9344.79
25600000 -9345.74
25700000 -9341.62
25800000 -9341.33
25900000 -9348.29
26000000 -9352.57
26100000 -9345.51
26200000 -9343.93
26300000 -9345.73
26400000 -9348.57
26500000 -9349.32
26600000 -9346.13
26700000 -9346.19
26800000 -9348.97
26900000 -9345.34
27000000 -9346.47
27100000 -9346.83
27200000 -9342.26
27300000 -9350.2
27400000 -9347.49
27500000 -9351.75
27600000 -9340.26
27700000 -9344.95
27800000 -9349.59
27900000 -9346.15
28000000 -9348.41
28100000 -9345.56
28200000 -9346.18
28300000 -9345.29
28400000 -9345.11
28500000 -9343.48
28600000 -9346.3
28700000 -9344.85
28800000 -9350.14
28900000 -9349.33
29000000 -9343.23
29100000 -9348.22
29200000 -9350.24
29300000 -9348.02
29400000 -9350.13
29500000 -9341.25
29600000 -9345.87
29700000 -9345.24
29800000 -9348.88
29900000 -9345.37
30000000 -9341.27
