#NOTE: MSDs should be divided by the temperature.
#NOTE: MSDs have been divided by 2 or 10 (i.e., the viscosity computed from all components).
#Time	MSD_xx	MSD_yy	MSD_zz	MSD_xy	MSD_xz	MSD_yz	MSD_off	MSD_all	MSD_bulkvisc
 10 1.52524e+09 1.5249e+09 1.52756e+09 1.53143e+09 1.52857e+09 1.52403e+09 1.52801e+09 1.52717e+09 1.79929e+09
 20 5.53507e+09 5.53411e+09 5.54473e+09 5.55858e+09 5.5464e+09 5.53113e+09 5.54537e+09 5.54241e+09 6.94995e+09
 30 1.11828e+10 1.11813e+10 1.12048e+10 1.12327e+10 1.12023e+10 1.11757e+10 1.12036e+10 1.1198e+10 1.50232e+10
 40 1.77716e+10 1.77721e+10 1.78124e+10 1.78547e+10 1.77947e+10 1.77615e+10 1.78036e+10 1.77963e+10 2.56366e+10
 50 2.48332e+10 2.48419e+10 2.48998e+10 2.49532e+10 2.48519e+10 2.48203e+10 2.48751e+10 2.48684e+10 3.84929e+10
 60 3.20935e+10 3.21189e+10 3.2191e+10 3.22494e+10 3.20967e+10 3.20784e+10 3.21415e+10 3.21387e+10 5.33437e+10
 70 3.93564e+10 3.94083e+10 3.94876e+10 3.95441e+10 3.93329e+10 3.93425e+10 3.94065e+10 3.94109e+10 6.99596e+10
 80 4.65452e+10 4.66332e+10 4.67101e+10 4.6761e+10 4.64854e+10 4.65369e+10 4.65944e+10 4.66085e+10 8.81274e+10
 90 5.36998e+10 5.38332e+10 5.38983e+10 5.39435e+10 5.35979e+10 5.37009e+10 5.37475e+10 5.37726e+10 1.07658e+11
 100 6.09306e+10 6.11181e+10 6.11645e+10 6.12053e+10 6.07845e+10 6.09441e+10 6.0978e+10 6.10152e+10 1.28389e+11
 110 6.83862e+10 6.86338e+10 6.86565e+10 6.86962e+10 6.81952e+10 6.84123e+10 6.84346e+10 6.84843e+10 1.50193e+11
 120 7.62201e+10 7.65304e+10 7.65271e+10 7.65719e+10 7.59852e+10 7.62553e+10 7.62708e+10 7.63328e+10 1.72974e+11
 130 8.45534e+10 8.49265e+10 8.48956e+10 8.49571e+10 8.42771e+10 8.45929e+10 8.4609e+10 8.46821e+10 1.96653e+11
 140 9.34511e+10 9.38854e+10 9.38272e+10 9.39196e+10 9.31381e+10 9.34902e+10 9.3516e+10 9.35981e+10 2.21155e+11
 150 1.02923e+11 1.03415e+11 1.03333e+11 1.03469e+11 1.02578e+11 1.02958e+11 1.03001e+11 1.0309e+11 2.46412e+11
 160 1.12935e+11 1.13479e+11 1.13379e+11 1.13567e+11 1.12558e+11 1.12961e+11 1.13029e+11 1.13123e+11 2.72363e+11
 170 1.2342e+11 1.24012e+11 1.23897e+11 1.24144e+11 1.2301e+11 1.23438e+11 1.23531e+11 1.23629e+11 2.98951e+11
 180 1.34302e+11 1.34937e+11 1.3481e+11 1.35122e+11 1.33857e+11 1.34313e+11 1.34431e+11 1.34532e+11 3.26125e+11
 190 1.45513e+11 1.46191e+11 1.46048e+11 1.46431e+11 1.45028e+11 1.45522e+11 1.45661e+11 1.45763e+11 3.53841e+11
 200 1.57003e+11 1.57725e+11 1.57565e+11 1.58023e+11 1.56473e+11 1.57014e+11 1.5717e+11 1.57274e+11 3.82063e+11
 200 1.57077e+11 1.57951e+11 1.57467e+11 1.57967e+11 1.56398e+11 1.56712e+11 1.57026e+11 1.57215e+11 3.83136e+11
 400 4.37508e+11 4.40417e+11 4.3953e+11 4.40766e+11 4.35393e+11 4.37289e+11 4.37816e+11 4.3835e+11 1.03672e+12
 600 7.92248e+11 7.99626e+11 7.97394e+11 7.98595e+11 7.89309e+11 7.94605e+11 7.9417e+11 7.95071e+11 1.85717e+12
 800 1.20144e+12 1.21384e+12 1.2114e+12 1.20885e+12 1.1997e+12 1.20665e+12 1.20507e+12 1.2066e+12 2.81796e+12
 1000 1.65264e+12 1.6716e+12 1.66755e+12 1.65725e+12 1.65323e+12 1.65995e+12 1.65681e+12 1.65966e+12 3.87245e+12
 1200 2.13405e+12 2.16249e+12 2.15336e+12 2.13541e+12 2.1389e+12 2.14343e+12 2.13924e+12 2.14353e+12 4.99768e+12
 1400 2.6388e+12 2.6797e+12 2.66304e+12 2.63397e+12 2.64979e+12 2.64901e+12 2.64426e+12 2.65076e+12 6.18102e+12
 1600 3.16234e+12 3.21657e+12 3.1926e+12 3.14967e+12 3.18098e+12 3.17244e+12 3.1677e+12 3.17682e+12 7.40753e+12
 1800 3.70103e+12 3.7692e+12 3.73739e+12 3.68017e+12 3.72633e+12 3.70923e+12 3.70524e+12 3.71749e+12 8.66664e+12
 2000 4.25236e+12 4.33392e+12 4.29577e+12 4.21969e+12 4.28213e+12 4.25675e+12 4.25286e+12 4.26932e+12 9.95726e+12
 2200 4.81422e+12 4.90862e+12 4.86792e+12 4.76604e+12 4.84689e+12 4.81415e+12 4.80903e+12 4.83085e+12 1.12789e+13
 2400 5.38341e+12 5.49163e+12 5.44936e+12 5.31859e+12 5.42095e+12 5.38015e+12 5.37323e+12 5.40053e+12 1.26239e+13
 2600 5.95842e+12 6.08098e+12 6.03829e+12 5.87631e+12 6.00303e+12 5.95289e+12 5.94408e+12 5.9768e+12 1.3988e+13
 2800 6.53886e+12 6.67574e+12 6.63423e+12 6.43784e+12 6.59144e+12 6.53043e+12 6.5199e+12 6.55845e+12 1.53659e+13
 3000 7.12346e+12 7.27344e+12 7.23489e+12 7.00175e+12 7.18738e+12 7.11059e+12 7.09991e+12 7.14418e+12 1.67592e+13
 3200 7.71154e+12 7.87193e+12 7.84066e+12 7.56779e+12 7.78951e+12 7.69422e+12 7.68384e+12 7.73352e+12 1.81624e+13
 3400 8.30413e+12 8.47233e+12 8.4507e+12 8.13384e+12 8.39759e+12 8.28181e+12 8.27108e+12 8.32627e+12 1.95691e+13
 3600 8.90161e+12 9.07345e+12 9.06459e+12 8.70033e+12 9.00987e+12 8.87277e+12 8.86099e+12 8.92188e+12 2.09806e+13
 3800 9.50391e+12 9.67387e+12 9.67979e+12 9.26548e+12 9.62608e+12 9.46615e+12 9.45257e+12 9.51922e+12 2.23974e+13
 4000 1.01107e+13 1.02754e+13 1.02984e+13 9.83141e+12 1.02468e+13 1.00607e+13 1.00463e+13 1.0119e+13 2.38177e+13
 4000 1.01882e+13 1.0259e+13 1.01912e+13 9.75352e+12 1.0155e+13 1.02748e+13 1.00611e+13 1.01218e+13 2.40605e+13
 8000 2.26064e+13 2.23919e+13 2.26891e+13 2.10969e+13 2.27742e+13 2.18731e+13 2.19147e+13 2.21738e+13 5.25376e+13
 12000 3.57601e+13 3.49771e+13 3.59375e+13 3.26575e+13 3.54825e+13 3.35427e+13 3.38943e+13 3.45599e+13 8.1119e+13
 16000 4.90029e+13 4.75564e+13 4.9763e+13 4.41607e+13 4.77619e+13 4.57246e+13 4.58824e+13 4.70391e+13 1.10194e+14
 20000 6.32689e+13 6.04561e+13 6.38159e+13 5.49159e+13 5.9974e+13 5.89119e+13 5.79339e+13 5.97658e+13 1.40496e+14
 24000 7.80453e+13 7.26597e+13 7.73694e+13 6.5055e+13 7.28412e+13 7.25447e+13 7.0147e+13 7.24981e+13 1.70191e+14
 28000 9.27868e+13 8.49565e+13 9.06604e+13 7.46748e+13 8.58925e+13 8.5925e+13 8.21641e+13 8.50856e+13 1.98736e+14
 32000 1.07122e+14 9.67484e+13 1.03231e+14 8.4184e+13 9.85382e+13 9.96661e+13 9.41294e+13 9.74245e+13 2.26345e+14
 36000 1.20859e+14 1.08356e+14 1.157e+14 9.38349e+13 1.11134e+14 1.1335e+14 1.06106e+14 1.09652e+14 2.53719e+14
 40000 1.34977e+14 1.19513e+14 1.28409e+14 1.04036e+14 1.237e+14 1.26566e+14 1.18101e+14 1.21914e+14 2.82004e+14
 44000 1.49539e+14 1.30792e+14 1.41192e+14 1.1369e+14 1.36189e+14 1.39754e+14 1.29878e+14 1.3413e+14 3.09711e+14
 48000 1.65225e+14 1.41881e+14 1.5375e+14 1.23002e+14 1.47895e+14 1.5282e+14 1.41239e+14 1.46191e+14 3.36962e+14
 52000 1.80773e+14 1.53354e+14 1.66629e+14 1.32523e+14 1.58594e+14 1.65726e+14 1.52281e+14 1.58136e+14 3.6551e+14
 56000 1.96951e+14 1.65386e+14 1.8007e+14 1.41791e+14 1.69906e+14 1.77864e+14 1.63187e+14 1.70233e+14 3.93595e+14
 60000 2.13059e+14 1.77483e+14 1.94342e+14 1.50604e+14 1.81732e+14 1.89926e+14 1.74087e+14 1.82437e+14 4.2018e+14
 64000 2.29026e+14 1.89719e+14 2.0914e+14 1.595e+14 1.94289e+14 2.01736e+14 1.85175e+14 1.94823e+14 4.47637e+14
 68000 2.45243e+14 2.0215e+14 2.23545e+14 1.68398e+14 2.07097e+14 2.13236e+14 1.96244e+14 2.07205e+14 4.74889e+14
 72000 2.61227e+14 2.14913e+14 2.37292e+14 1.76411e+14 2.20194e+14 2.24766e+14 2.07124e+14 2.19399e+14 5.0206e+14
 76000 2.77394e+14 2.27985e+14 2.51312e+14 1.83923e+14 2.33629e+14 2.36471e+14 2.18008e+14 2.31697e+14 5.27551e+14
 80000 2.93092e+14 2.40979e+14 2.65639e+14 1.90934e+14 2.46389e+14 2.48631e+14 2.28651e+14 2.43819e+14 5.52015e+14
 80000 2.88291e+14 2.35979e+14 2.64189e+14 2.00896e+14 2.29023e+14 2.75266e+14 2.35062e+14 2.46165e+14 6.04271e+14
 160000 6.379e+14 5.33266e+14 5.78446e+14 3.58557e+14 4.42554e+14 5.64267e+14 4.55126e+14 5.06357e+14 1.15008e+15
 240000 1.02078e+15 8.52127e+14 8.5589e+14 5.57821e+14 5.97078e+14 9.1474e+14 6.89879e+14 7.77768e+14 1.65586e+15
 320000 1.43848e+15 1.16005e+15 1.21974e+15 8.09319e+14 7.05259e+14 1.20649e+15 9.07023e+14 1.05332e+15 2.05266e+15
 400000 1.81231e+15 1.40964e+15 1.50642e+15 1.14618e+15 8.84786e+14 1.43822e+15 1.1564e+15 1.32429e+15 2.52597e+15
 480000 2.0836e+15 1.53111e+15 1.78831e+15 1.51246e+15 9.83631e+14 1.68662e+15 1.39424e+15 1.55694e+15 2.91901e+15
 560000 2.33855e+15 1.66783e+15 2.07521e+15 1.91863e+15 1.06774e+15 1.84129e+15 1.60922e+15 1.77641e+15 3.10351e+15
 640000 2.55019e+15 1.81144e+15 2.25494e+15 2.35715e+15 1.14168e+15 1.97253e+15 1.82378e+15 1.97648e+15 3.22628e+15
 720000 2.76454e+15 1.94699e+15 2.45924e+15 2.84391e+15 1.24583e+15 2.13963e+15 2.07646e+15 2.20197e+15 3.57719e+15
 800000 2.91616e+15 2.13792e+15 2.63105e+15 3.33606e+15 1.35662e+15 2.28862e+15 2.3271e+15 2.42094e+15 3.97959e+15
 880000 3.07427e+15 2.28976e+15 2.75492e+15 3.84416e+15 1.40833e+15 2.54849e+15 2.60033e+15 2.64273e+15 4.36916e+15
 960000 3.33316e+15 2.41883e+15 2.8995e+15 4.33572e+15 1.41878e+15 2.80633e+15 2.85361e+15 2.8657e+15 4.7556e+15
 1.04e+06 3.53141e+15 2.51014e+15 3.07702e+15 4.84053e+15 1.42979e+15 3.16326e+15 3.14453e+15 3.10253e+15 5.02031e+15
 1.12e+06 3.68615e+15 2.51989e+15 3.24988e+15 5.43047e+15 1.4963e+15 3.43183e+15 3.45287e+15 3.33251e+15 5.27799e+15
 1.2e+06 3.941e+15 2.5203e+15 3.42468e+15 6.03775e+15 1.55821e+15 3.68475e+15 3.76023e+15 3.57427e+15 5.4298e+15
 1.28e+06 4.18494e+15 2.60783e+15 3.51107e+15 6.67184e+15 1.63014e+15 3.90798e+15 4.06999e+15 3.81584e+15 5.39838e+15
 1.36e+06 4.41705e+15 2.67152e+15 3.50272e+15 7.33447e+15 1.70133e+15 4.02832e+15 4.35471e+15 4.025e+15 5.21909e+15
 1.44e+06 4.60498e+15 2.75588e+15 3.39551e+15 7.9931e+15 1.82727e+15 4.14057e+15 4.65364e+15 4.22637e+15 5.09581e+15
 1.52e+06 4.76285e+15 2.86023e+15 3.24774e+15 8.68465e+15 1.95938e+15 4.24184e+15 4.96195e+15 4.42662e+15 5.04302e+15
 1.6e+06 4.89993e+15 2.92835e+15 3.14452e+15 9.43791e+15 2.04914e+15 4.39254e+15 5.2932e+15 4.63896e+15 4.93372e+15
 1.6e+06 7.71517e+15 6.44218e+15 6.55182e+15 9.15276e+15 2.66914e+15 2.51239e+15 4.77809e+15 5.62808e+15 8.68862e+15
 3.2e+06 9.36034e+15 1.08895e+16 7.32527e+15 2.15883e+16 5.59539e+15 3.50068e+15 1.02281e+16 9.81355e+15 5.95837e+15
 4.8e+06 7.12681e+15 1.21806e+16 1.08043e+16 2.70529e+16 4.86433e+15 2.18229e+15 1.13665e+16 1.08348e+16 9.0391e+15
 6.4e+06 9.45943e+15 1.46799e+16 1.28715e+16 4.79952e+16 2.12747e+15 3.70699e+15 1.79432e+16 1.57007e+16 1.57091e+16
 8e+06 1.50341e+16 3.22414e+15 1.56079e+16 3.84395e+16 5.4329e+15 4.85882e+15 1.62438e+16 1.42617e+16 8.34881e+15
 9.6e+06 1.99369e+15 1.07852e+16 3.50475e+15 2.01429e+16 5.8503e+15 2.23665e+15 9.40995e+15 7.81712e+15 1.29666e+15
