# Time-averaged data for fix PressAve
# TimeStep c_P
100000 3.46294
200000 -47.077
300000 -8.57164
400000 -31.4261
500000 -30.6036
600000 -76.2763
700000 23.5805
800000 8.47295
900000 -7.57296
1000000 13.057
1100000 0.629583
1200000 25.2116
1300000 -9.28639
1400000 -9.44643
1500000 15.0979
1600000 6.07782
1700000 3.70765
1800000 -4.78603
1900000 -68.9762
2000000 14.9459
2100000 15.6001
2200000 -35.1907
2300000 -27.5156
2400000 -21.5805
2500000 13.2695
2600000 12.9546
2700000 16.7631
2800000 -43.3763
2900000 -19.5447
3000000 -16.732
3100000 22.4005
3200000 -12.5331
3300000 20.6991
3400000 11.5115
3500000 -7.37552
3600000 -46.0709
3700000 -21.5576
3800000 27.5072
3900000 0.277523
4000000 38.1065
4100000 -53.2062
4200000 35.2386
4300000 11.5269
4400000 -5.45724
4500000 -7.75781
4600000 -69.8586
4700000 15.2606
4800000 -18.7281
4900000 -26.3489
5000000 17.3054
5100000 -0.991479
5200000 -17.0578
5300000 9.53503
5400000 -20.4207
5500000 33.7962
5600000 -18.1745
5700000 -34.2201
5800000 -57.4641
5900000 60.7363
6000000 21.9789
6100000 -31.8496
6200000 -4.85378
6300000 24.4762
6400000 -14.8592
6500000 8.9899
6600000 3.23019
6700000 2.3277
6800000 -8.67658
6900000 13.4882
7000000 -42.2858
7100000 -3.47404
7200000 10.4291
7300000 -14.7009
7400000 -11.567
7500000 7.35457
7600000 13.7671
7700000 6.90493
7800000 -21.3176
7900000 -31.6575
8000000 -1.65999
8100000 -12.2184
8200000 -13.6931
8300000 31.1549
8400000 41.3113
8500000 40.8704
8600000 29.9462
8700000 3.01034
8800000 -28.6198
8900000 -12.6371
9000000 -16.3222
9100000 -6.61969
9200000 -29.7583
9300000 40.842
9400000 -29.0234
9500000 27.8819
9600000 6.48246
9700000 -24.6969
9800000 -18.2334
9900000 2.79702
10000000 -28.1116
10100000 -4.85597
10200000 -37.259
10300000 0.578363
10400000 -28.8502
10500000 42.9011
10600000 23.1231
10700000 3.37543
10800000 -16.2301
10900000 -79.7872
11000000 14.8575
11100000 -32.785
11200000 -14.4304
11300000 60.8706
11400000 50.9501
11500000 -34.7133
11600000 -37.8524
11700000 -34.267
11800000 -2.59997
11900000 -32.6809
12000000 2.99915
12100000 -20.9228
12200000 -28.2785
12300000 0.55409
12400000 -17.6634
12500000 -2.38521
12600000 -20.1766
12700000 10.1693
12800000 15.8196
12900000 13.6844
13000000 -7.80366
13100000 -17.2469
13200000 -0.826862
13300000 -21.9546
13400000 -25.5424
13500000 -32.9625
13600000 -25.2039
13700000 -18.0193
13800000 -26.8447
13900000 15.5756
14000000 2.39186
14100000 -13.2984
14200000 -18.0981
14300000 26.0945
14400000 7.28229
14500000 17.2522
14600000 -21.8374
14700000 -7.89415
14800000 -54.836
14900000 -5.96742
15000000 34.3556
15100000 31.2211
15200000 -52.6061
15300000 -24.037
15400000 -23.8938
15500000 -25.5213
15600000 -36.371
15700000 -21.5865
15800000 -23.8
15900000 -0.378449
16000000 -27.8131
16100000 -22.7495
16200000 5.69152
16300000 6.49431
16400000 -10.3021
16500000 -66.3544
16600000 -9.13225
16700000 -8.86027
16800000 -34.5976
16900000 3.13371
17000000 -13.3617
17100000 -18.3868
17200000 33.8996
17300000 14.0439
17400000 27.6176
17500000 12.303
17600000 -7.02951
17700000 -20.196
17800000 2.59205
17900000 20.3677
18000000 7.53326
18100000 -1.13344
18200000 17.8793
18300000 64.0382
18400000 -8.62056
18500000 -4.99157
18600000 4.15718
18700000 10.1341
18800000 -12.5425
18900000 -20.9801
19000000 -50.6457
19100000 -19.0617
19200000 -37.7556
19300000 10.2433
19400000 23.3438
19500000 -16.2978
19600000 8.87361
19700000 14.4106
19800000 -31.155
19900000 -4.87503
20000000 0.13744
20100000 -24.0029
20200000 21.1937
20300000 33.1913
20400000 23.8488
20500000 -0.645868
20600000 -31.4037
20700000 -14.0516
20800000 8.61723
20900000 -23.8011
21000000 22.6074
21100000 -4.67579
21200000 7.65534
21300000 -35.8284
21400000 -42.2102
21500000 -41.6817
21600000 17.1299
21700000 -9.84279
21800000 -31.7372
21900000 5.54266
22000000 19.7527
22100000 12.7924
22200000 -33.0976
22300000 -18.2306
22400000 -44.7245
22500000 -47.7428
22600000 -1.55076
22700000 -31.4838
22800000 -11.705
22900000 -21.8025
23000000 4.83404
23100000 -17.8802
23200000 11.6574
23300000 -52.9971
23400000 -35.9394
23500000 -32.5636
23600000 -12.6587
23700000 -22.3747
23800000 -28.8913
23900000 -26.2386
24000000 -2.69639
24100000 -16.8683
24200000 -12.2925
24300000 1.22125
24400000 -4.65097
24500000 42.2672
24600000 -28.1431
24700000 28.5462
24800000 -32.418
24900000 -3.25353
25000000 -36.4311
25100000 -36.4357
25200000 -17.3806
25300000 -25.1332
25400000 -40.6484
25500000 -40.0906
25600000 2.95483
25700000 -6.60917
25800000 -0.352977
25900000 -46.9378
26000000 3.51924
26100000 10.2103
26200000 -1.0427
26300000 -12.8021
26400000 10.1013
26500000 -29.9742
26600000 17.5033
26700000 -7.75123
26800000 -7.38753
26900000 -16.5305
27000000 -12.1666
27100000 -27.5192
27200000 -18.034
27300000 -23.1417
27400000 -32.7138
27500000 8.00177
27600000 -23.9611
27700000 -26.3271
27800000 33.141
27900000 -37.687
28000000 -51.3986
28100000 -27.958
28200000 -20.2841
28300000 -41.6581
28400000 -16.5079
28500000 22.4051
28600000 -4.74193
28700000 -30.019
28800000 12.6292
28900000 14.1138
29000000 -2.57862
29100000 0.693806
29200000 -7.43173
29300000 -13.2901
29400000 -7.13684
29500000 12.0696
29600000 -8.01944
29700000 -7.20739
29800000 -33.5418
29900000 12.1228
30000000 13.0152
30100000 -23.0855
30200000 -11.6726
30300000 -17.734
30400000 -40.1152
30500000 39.2813
30600000 -17.2111
30700000 -4.72244
30800000 -11.3361
30900000 -32.775
31000000 -9.336
31100000 -4.16362
31200000 -12.7361
31300000 -16.0526
31400000 15.0889
31500000 -33.2821
31600000 -10.0581
31700000 17.8651
31800000 3.23218
31900000 -43.598
32000000 31.331
32100000 25.1861
32200000 1.79981
32300000 -13.1031
32400000 -15.5675
32500000 -16.0232
32600000 22.9269
32700000 15.7424
32800000 -18.2473
32900000 -38.6644
33000000 -33.951
33100000 -2.10781
33200000 -10.0578
33300000 -23.4393
33400000 -30.4583
33500000 -43.3011
33600000 -32.2265
33700000 -33.5021
33800000 4.7523
33900000 5.52166
34000000 -9.57604
34100000 -7.11495
34200000 -4.34389
34300000 -0.48974
34400000 -0.396055
34500000 31.3487
34600000 41.2191
34700000 25.4274
34800000 27.6886
34900000 -34.8345
35000000 -21.922
35100000 -18.3715
35200000 33.8769
35300000 -48.0723
35400000 -0.644258
35500000 -57.5532
35600000 2.22817
35700000 -23.7438
35800000 -18.1541
35900000 14.6912
36000000 -9.81178
36100000 -49.3868
36200000 -24.6095
36300000 32.7546
36400000 17.6618
36500000 -12.2485
36600000 13.3823
36700000 -29.8667
36800000 -18.9678
36900000 -8.96823
37000000 -21.1595
37100000 -0.878252
37200000 -49.3054
37300000 13.1717
37400000 28.6347
37500000 3.52871
37600000 2.28631
37700000 -14.9714
37800000 4.34434
37900000 -14.3266
38000000 -17.1974
38100000 14.7293
38200000 9.0644
38300000 41.2311
38400000 -55.2321
38500000 -50.6614
38600000 -16.4294
38700000 -10.5937
38800000 -10.4319
38900000 -3.38654
39000000 -25.2075
39100000 -23.4548
39200000 -4.85857
39300000 -21.9971
39400000 5.55201
39500000 25.7352
39600000 -20.8533
39700000 -10.9324
39800000 -29.9376
39900000 7.10186
40000000 30.8335
40100000 -46.5234
40200000 -6.84993
40300000 4.13895
40400000 5.28033
40500000 -7.41137
40600000 -12.1189
40700000 10.4949
40800000 -11.8416
40900000 -9.6731
41000000 11.3781
41100000 26.1904
41200000 -12.3895
41300000 1.20496
41400000 17.4743
41500000 -12.5681
41600000 -28.7415
41700000 34.7009
41800000 -41.7172
41900000 -7.54445
42000000 21.6866
42100000 -2.9603
42200000 -21.4913
42300000 44.5166
42400000 31.1892
42500000 -10.1774
42600000 -24.3294
42700000 -16.2634
42800000 -16.5131
42900000 -15.7484
43000000 -11.655
43100000 26.9439
43200000 -10.2706
43300000 10.432
43400000 8.51059
43500000 13.7716
43600000 -20.3726
43700000 -11.0085
43800000 14.798
43900000 12.8362
44000000 -4.89741
44100000 -38.2635
44200000 -31.0428
44300000 -31.1438
44400000 -32.6908
44500000 -13.7412
44600000 -17.9144
44700000 -22.6568
44800000 -46.0545
44900000 -30.5232
45000000 10.5236
45100000 1.16494
45200000 -21.8695
45300000 -0.684491
45400000 -14.0099
45500000 -11.1369
45600000 -3.07305
45700000 -16.3168
45800000 27.1719
45900000 45.3663
46000000 -19.8082
46100000 -38.6454
46200000 29.6367
46300000 -5.67328
46400000 52.9286
46500000 -28.3443
46600000 6.51871
46700000 0.547791
46800000 -31.1881
46900000 1.15636
47000000 -26.5097
47100000 -21.9497
47200000 4.55369
47300000 -14.1643
47400000 -4.75807
47500000 5.25948
47600000 -16.7284
47700000 -57.5135
47800000 -19.6848
47900000 4.2179
48000000 -20.105
48100000 -22.1833
48200000 -45.6059
48300000 55.7824
48400000 4.72437
48500000 -39.9137
48600000 -51.3935
48700000 -16.8829
48800000 34.9818
48900000 -37.9414
49000000 -37.5324
49100000 -10.3284
49200000 -5.89327
49300000 -13.5968
49400000 -14.6808
49500000 -43.5748
49600000 -34.9328
49700000 15.7144
49800000 -9.99503
49900000 -17.5448
50000000 16.0309
50100000 -17.6753
50200000 28.654
50300000 15.3811
50400000 -15.8144
50500000 -21.5592
50600000 15.1743
50700000 -11.3618
50800000 33.3314
50900000 59.4227
51000000 -19.7355
51100000 12.5175
51200000 -45.8654
51300000 -5.02616
51400000 -44.24
51500000 21.558
51600000 2.5609
51700000 -11.1278
51800000 -21.2601
51900000 -10.968
52000000 23.247
52100000 15.9813
52200000 -18.7772
52300000 28.0832
52400000 -28.9233
52500000 -18.0198
52600000 -42.9809
52700000 -3.30397
52800000 24.1487
52900000 -30.218
53000000 -7.42871
53100000 -10.8168
53200000 -1.62612
53300000 21.2656
53400000 -5.95091
53500000 -37.5914
53600000 -12.648
53700000 21.866
53800000 -3.67613
53900000 -47.7642
54000000 -35.2498
54100000 5.63193
54200000 -24.6737
54300000 6.88749
54400000 -50.1257
54500000 -33.7355
54600000 -8.94373
54700000 18.4495
54800000 10.0692
54900000 17.7453
55000000 -11.8206
55100000 -18.089
55200000 37.514
55300000 -38.3475
55400000 -3.07908
55500000 -3.18847
55600000 9.98748
55700000 -6.0823
55800000 23.8647
55900000 -17.1352
56000000 -8.11862
56100000 -13.6802
56200000 -12.0986
56300000 -4.68392
56400000 -48.0542
56500000 20.2154
56600000 28.2004
56700000 27.5005
56800000 -54.7566
56900000 -43.7589
57000000 -36.5205
57100000 -2.97155
57200000 -17.7592
57300000 -14.5466
57400000 15.8718
57500000 -20.5887
57600000 -0.96528
57700000 13.896
57800000 -27.7241
57900000 -13.1662
58000000 9.06424
58100000 18.186
58200000 24.8438
58300000 -15.0176
58400000 42.4798
58500000 -4.66349
58600000 22.5107
58700000 13.8612
58800000 -0.395124
58900000 2.76491
59000000 3.29303
59100000 -17.5572
59200000 -13.7049
59300000 -60.4938
59400000 -33.1135
59500000 -34.2751
59600000 24.8353
59700000 44.4367
59800000 -15.5628
59900000 11.49
60000000 26.2045
60100000 7.98899
60200000 12.5333
60300000 4.02189
60400000 0.222704
60500000 -11.2773
60600000 0.0191887
60700000 14.9859
60800000 -21.9053
60900000 -1.90568
61000000 2.92491
61100000 -28.6813
61200000 -4.63193
61300000 -18.476
61400000 17.7034
61500000 -32.0182
61600000 -29.3657
61700000 -11.4539
61800000 -27.7269
61900000 -23.1446
62000000 -5.27155
62100000 -19.5052
62200000 13.2207
62300000 -15.9718
62400000 41.2803
62500000 22.0682
62600000 2.53538
62700000 -10.6798
62800000 -41.7991
62900000 3.76403
63000000 -13.8361
63100000 6.86388
63200000 22.7787
63300000 -51.7725
63400000 -16.6295
63500000 -26.9301
63600000 -4.96383
63700000 -30.4825
63800000 -20.374
63900000 -34.1133
64000000 -18.1214
64100000 4.1859
64200000 8.48107
64300000 -48.8691
64400000 8.87463
64500000 -25.7503
64600000 37.3737
64700000 -52.9251
64800000 2.30276
64900000 -6.53115
65000000 6.47489
65100000 -18.2506
65200000 12.8209
65300000 -10.6125
65400000 -17.9339
65500000 -1.97548
65600000 7.63548
65700000 -12.2073
65800000 -24.2824
65900000 -18.042
66000000 -12.1421
66100000 -5.43322
66200000 45.803
66300000 18.8289
66400000 -49.0597
66500000 26.3472
66600000 -49.3465
66700000 -12.639
66800000 -37.3432
66900000 -18.8673
67000000 -9.795
67100000 -5.01077
67200000 -63.5556
67300000 33.0303
67400000 25.5431
67500000 13.4212
67600000 -2.91085
67700000 -0.344503
67800000 4.12259
67900000 -0.307771
68000000 -3.16938
68100000 26.8023
68200000 7.2384
68300000 -14.2157
68400000 16.5118
68500000 -9.71128
68600000 1.15877
68700000 -15.2925
68800000 -6.81653
68900000 19.1156
69000000 -18.2961
69100000 24.0045
69200000 -1.16773
69300000 11.9524
69400000 15.6038
69500000 -5.02774
69600000 34.6465
69700000 -7.26813
69800000 -41.5166
69900000 -1.79286
70000000 -4.52601
70100000 -22.7807
70200000 42.5237
70300000 -10.6471
70400000 28.4177
70500000 -19.0861
70600000 -14.6928
70700000 -9.42832
70800000 -22.9259
70900000 -12.8421
71000000 -46.0812
71100000 1.87508
71200000 10.9455
71300000 -13.9674
71400000 -14.1735
71500000 4.00674
71600000 29.8959
71700000 -3.92244
71800000 16.0753
71900000 16.065
72000000 -25.3033
72100000 -10.4271
72200000 -35.3671
72300000 -38.8518
72400000 -18.5689
72500000 -2.01442
72600000 7.65522
72700000 2.96656
72800000 43.3453
72900000 -10.9084
73000000 18.4439
73100000 -18.4062
73200000 -2.38942
73300000 10.9266
73400000 -34.0184
73500000 55.2261
73600000 -19.5257
73700000 -32.4138
73800000 -25.9403
73900000 35.623
74000000 9.67375
74100000 -20.2338
74200000 -9.83859
74300000 35.9161
74400000 -9.7515
74500000 -12.7799
74600000 -9.8674
74700000 -5.30291
74800000 -10.6795
74900000 -2.98889
75000000 -55.0195
75100000 9.86952
75200000 -10.6146
75300000 -10.1407
75400000 19.2122
75500000 23.7535
75600000 -29.3835
75700000 -16.7976
75800000 -24.6617
75900000 14.1413
76000000 -3.45053
76100000 -13.7035
76200000 -49.768
76300000 -4.75762
76400000 -15.2092
76500000 0.670016
76600000 3.14216
76700000 -25.2259
76800000 22.722
76900000 -19.44
77000000 -18.4143
77100000 19.4024
77200000 -5.52845
77300000 -4.81875
77400000 34.6226
77500000 -54.9018
77600000 2.57243
77700000 16.1397
77800000 33.8322
77900000 -17.934
78000000 25.3607
78100000 -16.3672
78200000 -20.5511
78300000 16.4806
78400000 -31.0407
78500000 -8.66932
78600000 -6.31343
78700000 52.2404
78800000 -22.4968
78900000 -1.2372
79000000 -25.4204
79100000 -1.27787
79200000 34.9305
79300000 -1.36682
79400000 11.2243
79500000 -26.3014
79600000 -16.4949
79700000 0.637463
79800000 -11.1318
79900000 24.4164
80000000 -13.4857
80100000 8.40169
80200000 2.24659
80300000 23.6326
80400000 12.5902
80500000 -13.3918
80600000 9.48664
80700000 51.4155
80800000 -15.1032
80900000 11.2393
81000000 -39.8657
81100000 -30.5342
81200000 -16.4458
81300000 -26.5632
81400000 -4.84123
81500000 -4.60215
81600000 36.8024
81700000 17.0622
81800000 -2.28226
81900000 -24.3006
82000000 -21.0539
82100000 2.24341
82200000 -7.80941
82300000 14.1671
82400000 -5.90635
82500000 38.4818
82600000 17.3559
82700000 22.9796
82800000 -30.7371
82900000 -16.3125
83000000 0.465754
83100000 -61.4694
83200000 -37.8698
83300000 7.2873
83400000 -34.4699
83500000 6.92343
83600000 -45.7829
83700000 -30.0636
83800000 13.7334
83900000 -6.04244
84000000 -57.8248
84100000 12.8252
84200000 -54.6163
84300000 -37.3849
84400000 -0.861451
84500000 0.265781
84600000 -15.5158
84700000 -28.7991
84800000 15.2373
84900000 -34.9774
85000000 22.3368
85100000 -10.7131
85200000 -32.4145
85300000 -50.4322
85400000 -12.4658
85500000 -17.2262
85600000 -27.9693
85700000 28.6318
85800000 -38.9982
85900000 -4.94087
86000000 3.12767
86100000 -25.4316
86200000 11.3162
86300000 -34.6039
86400000 20.0495
86500000 24.6822
86600000 18.6611
86700000 8.57965
86800000 34.5353
86900000 18.163
87000000 23.2393
87100000 16.5583
87200000 9.74848
87300000 -15.7807
87400000 15.7539
87500000 -3.66209
87600000 -17.4284
87700000 6.7836
87800000 -4.13059
87900000 -37.2475
88000000 -17.2979
88100000 -24.9722
88200000 8.40969
88300000 -27.8939
88400000 -38.2433
88500000 1.3726
88600000 -7.03314
88700000 -21.7645
88800000 -12.8141
88900000 9.7566
89000000 8.48425
89100000 58.7065
89200000 -9.83424
89300000 30.4396
89400000 4.51728
89500000 -5.16214
89600000 6.44799
89700000 -43.5568
89800000 -22.2681
89900000 -10.6242
90000000 12.0157
90100000 -21.1433
90200000 2.72851
90300000 -37.8139
90400000 -19.895
90500000 -13.589
90600000 -5.82293
90700000 -33.0969
90800000 19.9651
90900000 -1.96021
91000000 -27.719
91100000 -45.287
91200000 -14.9894
91300000 13.2373
91400000 -50.9091
91500000 -18.0593
91600000 -30.4605
91700000 3.86971
91800000 -55.467
91900000 -0.573116
92000000 -12.4137
92100000 -2.42831
92200000 -2.5566
92300000 9.12777
92400000 -22.8558
92500000 -3.47772
92600000 13.0778
92700000 13.9612
92800000 -25.8665
92900000 -30.5006
93000000 5.8036
93100000 -3.54731
93200000 6.58004
93300000 -8.28431
93400000 16.8183
93500000 -44.5356
93600000 -36.8975
93700000 -39.2883
93800000 -1.08551
93900000 -24.4795
94000000 -69.2912
94100000 -5.3072
94200000 -0.447677
94300000 -28.9431
94400000 1.35867
94500000 -11.7737
94600000 -13.6921
94700000 -15.7193
94800000 -1.59885
94900000 7.13862
95000000 -17.3952
95100000 -55.9617
95200000 -9.21013
95300000 -4.26872
95400000 -3.66801
95500000 44.5634
95600000 -26.9449
95700000 1.67412
95800000 -32.1268
95900000 -25.7196
96000000 5.12013
96100000 -39.747
96200000 -62.5183
96300000 6.82385
96400000 32.7482
96500000 -33.6513
96600000 65.8414
96700000 25.658
96800000 -21.2141
96900000 -2.37251
97000000 -43.2875
97100000 -15.1199
97200000 -54.2936
97300000 23.7896
97400000 -5.28811
97500000 -44.1698
97600000 -7.25741
97700000 1.75804
97800000 -32.1865
97900000 -19.7172
98000000 -7.29206
98100000 -9.03385
98200000 -11.5238
98300000 -49.6464
98400000 11.2981
98500000 -33.0273
98600000 -3.43007
98700000 -25.8136
98800000 6.16045
98900000 -24.6645
99000000 22.8418
99100000 26.8945
99200000 1.54437
99300000 39.3537
99400000 -11.1685
99500000 -25.5929
99600000 -31.8208
99700000 30.0826
99800000 -15.3366
99900000 -16.4401
100000000 39.1395
