# Time-averaged data for fix PEAve
# TimeStep v_PotEn
100000 -9361.28
200000 -9357.58
300000 -9361.07
400000 -9358.71
500000 -9359.92
600000 -9352.8
700000 -9353.72
800000 -9357.9
900000 -9356.51
1000000 -9363.36
1100000 -9359.95
1200000 -9355.65
1300000 -9353.61
1400000 -9368.09
1500000 -9359.69
1600000 -9361.16
1700000 -9353.83
1800000 -9358.99
1900000 -9357.67
2000000 -9356.34
2100000 -9357.87
2200000 -9357.78
2300000 -9358.96
2400000 -9364.31
2500000 -9360.61
2600000 -9371.37
2700000 -9360.7
2800000 -9355
2900000 -9354.8
3000000 -9355.56
3100000 -9355.72
3200000 -9350.35
3300000 -9352.28
3400000 -9362.85
3500000 -9356.18
3600000 -9350.69
3700000 -9361.94
3800000 -9357.66
3900000 -9353.03
4000000 -9354.02
4100000 -9354.92
4200000 -9357.47
4300000 -9353.13
4400000 -9357.09
4500000 -9353.9
4600000 -9366.16
4700000 -9357.47
4800000 -9355.79
4900000 -9346.16
5000000 -9356.61
5100000 -9356.47
5200000 -9358.21
5300000 -9350.13
5400000 -9352.12
5500000 -9352.92
5600000 -9349.91
5700000 -9356.59
5800000 -9358.48
5900000 -9351.66
6000000 -9353.33
6100000 -9359.65
6200000 -9359.99
6300000 -9357.94
6400000 -9362.46
6500000 -9363.81
6600000 -9356.69
6700000 -9363.36
6800000 -9359.39
6900000 -9355.71
7000000 -9353.94
7100000 -9356.27
7200000 -9355.45
7300000 -9350.18
7400000 -9354.74
7500000 -9357.85
7600000 -9356.45
7700000 -9356.45
7800000 -9360.88
7900000 -9361.83
8000000 -9364.03
8100000 -9354.28
8200000 -9363.92
8300000 -9348
8400000 -9354.06
8500000 -9355.02
8600000 -9363.44
8700000 -9354.7
8800000 -9357.13
8900000 -9349.65
9000000 -9357.79
9100000 -9355.52
9200000 -9352.98
9300000 -9360.85
9400000 -9362.31
9500000 -9357.89
9600000 -9351.97
9700000 -9354.13
9800000 -9358
9900000 -9353.15
10000000 -9349.42
10100000 -9360.94
10200000 -9360.36
10300000 -9360.43
10400000 -9350.63
10500000 -9350.79
10600000 -9360.98
10700000 -9354.38
10800000 -9358.71
10900000 -9353.35
11000000 -9357.42
11100000 -9355.93
11200000 -9358.08
11300000 -9354.97
11400000 -9361.07
11500000 -9355.04
11600000 -9357.12
11700000 -9354.18
11800000 -9356.26
11900000 -9352.8
12000000 -9364.11
12100000 -9356.11
12200000 -9362.26
12300000 -9362.91
12400000 -9360.1
12500000 -9363.91
12600000 -9352.97
12700000 -9355.65
12800000 -9361.62
12900000 -9358.05
13000000 -9351.41
13100000 -9355.55
13200000 -9360.13
13300000 -9348.87
13400000 -9356.12
13500000 -9356.53
13600000 -9361.88
13700000 -9359.63
13800000 -9358.71
13900000 -9358.42
14000000 -9356.88
14100000 -9359.91
14200000 -9353.68
14300000 -9361.59
14400000 -9359.87
14500000 -9356.19
14600000 -9359.85
14700000 -9353.95
14800000 -9361.05
14900000 -9364.14
15000000 -9359.93
15100000 -9357.32
15200000 -9357.65
15300000 -9349.57
15400000 -9353.07
15500000 -9358.15
15600000 -9350
15700000 -9351.81
15800000 -9355.7
15900000 -9357.37
16000000 -9362.19
16100000 -9358.55
16200000 -9354.83
16300000 -9353.7
16400000 -9359.11
16500000 -9353.91
16600000 -9355.1
16700000 -9353.69
16800000 -9360.47
16900000 -9360.37
17000000 -9363.66
17100000 -9351.59
17200000 -9370.81
17300000 -9356.57
17400000 -9351.78
17500000 -9358.23
17600000 -9357.68
17700000 -9352.32
17800000 -9355.34
17900000 -9360.53
18000000 -9360.29
18100000 -9360.65
18200000 -9355.14
18300000 -9357.67
18400000 -9359.78
18500000 -9356.62
18600000 -9358.12
18700000 -9354.99
18800000 -9358.23
18900000 -9354.67
19000000 -9357.06
19100000 -9358.37
19200000 -9363.44
19300000 -9348.71
19400000 -9354.72
19500000 -9365.09
19600000 -9356.59
19700000 -9349.9
19800000 -9352.64
19900000 -9364.7
20000000 -9353
20100000 -9370.62
20200000 -9356.32
20300000 -9355.86
20400000 -9357.87
20500000 -9361.85
20600000 -9357.35
20700000 -9356.88
20800000 -9359.25
20900000 -9355.45
21000000 -9355.47
21100000 -9354.14
21200000 -9363.79
21300000 -9355.83
21400000 -9356.83
21500000 -9364.39
21600000 -9360.93
21700000 -9355.36
21800000 -9361.38
21900000 -9359.24
22000000 -9359.79
22100000 -9351.04
22200000 -9364.86
22300000 -9355.28
22400000 -9353.72
22500000 -9355.36
22600000 -9351.78
22700000 -9357.12
22800000 -9359.3
22900000 -9358.8
23000000 -9360.56
23100000 -9356.05
23200000 -9354.15
23300000 -9354
23400000 -9355.6
23500000 -9357.87
23600000 -9362.92
23700000 -9359.44
23800000 -9351.35
23900000 -9353.26
24000000 -9361.72
24100000 -9349.63
24200000 -9352.06
24300000 -9354.21
24400000 -9355.32
24500000 -9356.85
24600000 -9358.46
24700000 -9361.98
24800000 -9361.64
24900000 -9365.38
25000000 -9352.59
25100000 -9350.19
25200000 -9355.83
25300000 -9353.18
25400000 -9357.46
25500000 -9353.41
25600000 -9359.25
25700000 -9356.17
25800000 -9357.26
25900000 -9345.98
26000000 -9360.37
26100000 -9357.39
26200000 -9360.46
26300000 -9358
26400000 -9353.3
26500000 -9356.54
26600000 -9364.59
26700000 -9353.03
26800000 -9357.22
26900000 -9355.78
27000000 -9354.98
27100000 -9353.47
27200000 -9358.3
27300000 -9362.15
27400000 -9362.62
27500000 -9360.3
27600000 -9353.15
27700000 -9364.77
27800000 -9358.18
27900000 -9353.81
28000000 -9348.33
28100000 -9359.5
28200000 -9362.89
28300000 -9355.52
28400000 -9358.37
28500000 -9359.31
28600000 -9351.81
28700000 -9358.47
28800000 -9360.43
28900000 -9356.75
29000000 -9358.65
29100000 -9359.96
29200000 -9353.73
29300000 -9353.96
29400000 -9352.71
29500000 -9353.63
29600000 -9361.84
29700000 -9359.16
29800000 -9353.36
29900000 -9360.3
30000000 -9362
30100000 -9361.65
30200000 -9359.73
30300000 -9353.2
30400000 -9353.61
30500000 -9363.29
30600000 -9351.19
30700000 -9353.54
30800000 -9356.71
30900000 -9358.05
31000000 -9354.91
31100000 -9354.82
31200000 -9356.88
31300000 -9354.04
31400000 -9355
31500000 -9364.71
31600000 -9360.7
31700000 -9353.7
31800000 -9359.25
31900000 -9357
32000000 -9356.08
32100000 -9354.34
32200000 -9361.65
32300000 -9357.09
32400000 -9353.58
32500000 -9352.63
32600000 -9354.88
32700000 -9360.03
32800000 -9357.16
32900000 -9350.46
33000000 -9353.46
33100000 -9360.22
33200000 -9360.48
33300000 -9359.21
33400000 -9359.99
33500000 -9358.77
33600000 -9361.06
33700000 -9352.32
33800000 -9354.86
33900000 -9366.35
34000000 -9358.31
34100000 -9352.08
34200000 -9364.35
34300000 -9361.94
34400000 -9351.66
34500000 -9351.5
34600000 -9363.8
34700000 -9347.59
34800000 -9355.84
34900000 -9362.81
35000000 -9355.86
35100000 -9361.95
35200000 -9365.7
35300000 -9361.38
35400000 -9355.41
35500000 -9353.55
35600000 -9363.51
35700000 -9358.07
35800000 -9350.81
35900000 -9355.87
36000000 -9356.15
36100000 -9361.45
36200000 -9355.73
36300000 -9358.45
36400000 -9356.22
36500000 -9358.9
36600000 -9353.76
36700000 -9363.11
36800000 -9355.86
36900000 -9356.45
37000000 -9361.57
37100000 -9360.34
37200000 -9360.42
37300000 -9356.92
37400000 -9360.96
37500000 -9353.24
37600000 -9356.29
37700000 -9357.32
37800000 -9361.91
37900000 -9349.99
38000000 -9363.36
38100000 -9357.52
38200000 -9357.83
38300000 -9356.06
38400000 -9354.63
38500000 -9362.24
38600000 -9350.76
38700000 -9355.17
38800000 -9354.95
38900000 -9359.06
39000000 -9354.45
39100000 -9358.09
39200000 -9357.98
39300000 -9353.95
39400000 -9363.91
39500000 -9358.6
39600000 -9358.9
39700000 -9351.47
39800000 -9354.75
39900000 -9353.33
40000000 -9357.16
