# Time-averaged data for fix PressAve
# TimeStep c_P
100000 44.5093
200000 15.1765
300000 -49.7366
400000 -5.03253
500000 -10.0319
600000 -24.6905
700000 -11.356
800000 14.2703
900000 31.724
1000000 -15.4693
1100000 -78.2482
1200000 -4.21841
1300000 -77.1399
1400000 -11.5145
1500000 4.31157
1600000 -14.5099
1700000 -17.2673
1800000 21.7963
1900000 29.9311
2000000 33.8197
2100000 15.4488
2200000 -7.35019
2300000 -4.37628
2400000 -5.56957
2500000 20.1967
2600000 64.7671
2700000 -14.9557
2800000 6.68943
2900000 23.691
3000000 -52.421
3100000 -27.0382
3200000 -23.1845
3300000 -5.33035
3400000 -15.7927
3500000 -39.5878
3600000 -51.6195
3700000 50.4152
3800000 -32.1908
3900000 34.9558
4000000 -7.09932
4100000 7.68693
4200000 -17.8747
4300000 9.15264
4400000 -20.1692
4500000 -42.4978
4600000 31.7748
4700000 54.0807
4800000 27.5724
4900000 -51.2102
5000000 -39.9331
5100000 15.9934
5200000 -1.73927
5300000 -68.0728
5400000 23.3134
5500000 -3.51223
5600000 -34.9985
5700000 44.9693
5800000 21.8977
5900000 -50.8991
6000000 14.8449
6100000 10.886
6200000 5.03011
6300000 -8.39335
6400000 29.2183
6500000 9.21915
6600000 -24.7076
6700000 -44.8548
6800000 -44.4033
6900000 -11.659
7000000 21.3712
7100000 29.1477
7200000 59.1981
7300000 -52.9763
7400000 0.971704
7500000 0.920508
7600000 38.8354
7700000 1.29146
7800000 69.1738
7900000 26.5013
8000000 -36.2926
8100000 -6.65867
8200000 -38.8567
8300000 -34.2884
8400000 -12.6368
8500000 -4.96396
8600000 -27.0736
8700000 34.8306
8800000 -20.0088
8900000 -57.8213
9000000 9.05427
9100000 -11.3831
9200000 15.9681
9300000 -39.288
9400000 -7.96688
9500000 -47.0253
9600000 -10.2498
9700000 8.14151
9800000 42.6981
9900000 22.2807
10000000 -44.2418
10100000 -23.4276
10200000 21.811
10300000 60.4876
10400000 -49.7843
10500000 -16.2565
10600000 10.366
10700000 9.08476
10800000 -33.3223
10900000 12.8045
11000000 45.2406
11100000 -17.1829
11200000 13.6599
11300000 26.1656
11400000 30.4681
11500000 32.0997
11600000 53.3147
11700000 0.625875
11800000 9.04234
11900000 -16.1444
12000000 16.0404
12100000 16.9795
12200000 -11.8277
12300000 -30.2815
12400000 57.7128
12500000 -29.0045
12600000 5.97862
12700000 -6.06639
12800000 -16.8313
12900000 9.67142
13000000 -12.8722
13100000 15.1614
13200000 69.5336
13300000 24.762
13400000 -56.1113
13500000 -20.2021
13600000 17.0854
13700000 74.7315
13800000 -53.3835
13900000 30.1128
14000000 41.6438
14100000 -0.484547
14200000 18.2499
14300000 -8.79946
14400000 -13.0255
14500000 -57.0925
14600000 33.4937
14700000 3.02478
14800000 21.8756
14900000 -5.03391
15000000 47.3521
15100000 -10.7464
15200000 -34.5505
15300000 65.3648
15400000 -1.19041
15500000 -3.29727
15600000 3.07678
15700000 5.74562
15800000 -46.9804
15900000 4.14639
16000000 -61.5266
16100000 -53.609
16200000 33.3797
16300000 -28.5213
16400000 -57.0815
16500000 -28.664
16600000 -1.36153
16700000 -53.107
16800000 43.7103
16900000 -46.2548
17000000 -15.9666
17100000 -42.1952
17200000 43.9412
17300000 -38.1301
17400000 -28.1966
17500000 -31.8843
17600000 -22.0267
17700000 -52.3471
17800000 -28.525
17900000 -25.697
18000000 -5.50806
18100000 -3.09983
18200000 -26.5784
18300000 -44.3093
18400000 64.5596
18500000 -13.7866
18600000 -19.2928
18700000 -20.5609
18800000 -22.214
18900000 -0.996215
19000000 -12.9072
19100000 32.5751
19200000 -71.3563
19300000 -2.50329
19400000 1.38329
19500000 22.2772
19600000 -0.710232
19700000 16.1851
19800000 -25.0951
19900000 29.3349
20000000 -54.6614
20100000 85.4941
20200000 6.65684
20300000 -22.8432
20400000 28.9717
20500000 11.6674
20600000 -52.1097
20700000 5.21496
20800000 1.57764
20900000 4.14993
21000000 14.7623
21100000 -29.709
21200000 10.5498
21300000 -17.301
21400000 42.4851
21500000 -18.1955
21600000 21.3015
21700000 17.3907
21800000 26.3707
21900000 -54.2228
22000000 -55.9603
22100000 4.83405
22200000 38.5072
22300000 -58.1423
22400000 -11.6495
22500000 15.6191
22600000 35.1223
22700000 -31.4251
22800000 -38.0288
22900000 -32.1038
23000000 20.8427
23100000 -2.85936
23200000 -12.2429
23300000 -16.0364
23400000 60.6429
23500000 -5.4122
23600000 45.4861
23700000 3.45197
23800000 -35.425
23900000 -30.6808
24000000 17.0284
24100000 18.4604
24200000 -24.6063
24300000 5.65033
24400000 1.5413
24500000 27.3747
24600000 18.3233
24700000 45.4172
24800000 13.894
24900000 26.4853
25000000 -10.4089
25100000 -23.9876
25200000 12.1665
25300000 -12.9656
25400000 6.19176
25500000 81.4699
25600000 -0.432361
25700000 13.849
25800000 19.0481
25900000 58.6231
26000000 -27.6447
26100000 28.4799
26200000 -51.8759
26300000 7.93042
26400000 -13.4029
26500000 7.63672
26600000 34.5325
26700000 67.754
26800000 -60.4762
26900000 102.396
27000000 19.8322
27100000 -27.7707
27200000 -72.0981
27300000 44.6516
27400000 32.1903
27500000 58.3958
27600000 4.86685
27700000 43.5894
27800000 25.7708
27900000 19.9924
28000000 -18.3268
28100000 14.1947
28200000 42.3415
28300000 -9.82239
28400000 5.50795
28500000 39.5243
28600000 75.1053
28700000 34.7066
28800000 7.60681
28900000 -20.2654
29000000 27.7812
29100000 7.8075
29200000 -21.6842
29300000 4.66482
29400000 -22.077
29500000 4.59056
29600000 52.1002
29700000 9.11371
29800000 -11.4028
29900000 -23.6234
30000000 23.7447
30100000 -62.5621
30200000 30.2865
30300000 32.151
30400000 -15.8063
30500000 27.8543
30600000 -46.8238
30700000 30.5091
30800000 -11.7832
30900000 -34.8056
31000000 -36.5743
31100000 17.8211
31200000 -29.045
31300000 12.2811
31400000 -37.6051
31500000 46.7427
31600000 16.627
31700000 25.126
31800000 19.5245
31900000 -47.4054
32000000 -58.1011
32100000 -14.4444
32200000 20.6159
32300000 38.5283
32400000 -5.75823
32500000 -55.3166
32600000 15.664
32700000 33.1987
32800000 -9.63552
32900000 -46.8906
33000000 -30.4968
33100000 45.3318
33200000 40.4712
33300000 -4.77058
33400000 -34.8171
33500000 12.6014
33600000 7.52474
33700000 -48.7385
33800000 -67.4708
33900000 -23.8798
34000000 -7.37234
34100000 0.436007
34200000 7.09267
34300000 56.9763
34400000 -34.3747
34500000 -2.85157
34600000 -7.74244
34700000 -45.4026
34800000 -3.61351
34900000 -0.0981967
35000000 9.13046
35100000 -5.96093
35200000 57.7114
35300000 99.5862
35400000 -6.03717
35500000 -41.2424
35600000 -34.7468
35700000 34.7665
35800000 -40.6524
35900000 -27.0686
36000000 -9.48637
36100000 74.1162
36200000 30.0357
36300000 -24.7183
36400000 12.4859
36500000 -6.69264
36600000 -53.95
36700000 21.5835
36800000 0.996385
36900000 6.26362
37000000 1.44323
37100000 11.8146
37200000 -1.97703
37300000 19.2092
37400000 10.5907
37500000 33.2167
37600000 -22.4356
37700000 -4.1115
37800000 -4.17805
37900000 -53.638
38000000 -58.9317
38100000 -23.7755
38200000 30.3244
38300000 17.7842
38400000 -30.5141
38500000 -53.1503
38600000 -77.6618
38700000 43.0109
38800000 0.928874
38900000 63.0896
39000000 -27.9259
39100000 -0.371628
39200000 26.4837
39300000 -70.3883
39400000 -13.4712
39500000 -45.9732
39600000 -4.27764
39700000 -27.0027
39800000 -54.7515
39900000 -51.5006
40000000 18.9765
