#NOTE: MSDs should be divided by the temperature.
#NOTE: MSDs have been divided by 2 or 10 (i.e., the viscosity computed from all components).
#Time	MSD_xx	MSD_yy	MSD_zz	MSD_xy	MSD_xz	MSD_yz	MSD_off	MSD_all	MSD_bulkvisc
 10 1.53187e+09 1.52456e+09 1.52469e+09 1.52219e+09 1.52185e+09 1.52395e+09 1.52266e+09 1.52441e+09 1.77994e+09
 20 5.56025e+09 5.53204e+09 5.53271e+09 5.52224e+09 5.52195e+09 5.52989e+09 5.5247e+09 5.53148e+09 6.87151e+09
 30 1.12362e+10 1.11745e+10 1.1176e+10 1.11533e+10 1.11548e+10 1.11718e+10 1.11599e+10 1.11742e+10 1.48439e+10
 40 1.78622e+10 1.7755e+10 1.77577e+10 1.77203e+10 1.77233e+10 1.77512e+10 1.77316e+10 1.77556e+10 2.5313e+10
 50 2.49685e+10 2.48052e+10 2.48091e+10 2.47565e+10 2.47577e+10 2.47961e+10 2.47701e+10 2.48064e+10 3.79821e+10
 60 3.22791e+10 3.20492e+10 3.20521e+10 3.19868e+10 3.1981e+10 3.20249e+10 3.19976e+10 3.20493e+10 5.26049e+10
 70 3.95967e+10 3.92908e+10 3.92876e+10 3.92144e+10 3.91969e+10 3.92349e+10 3.92154e+10 3.92859e+10 6.89542e+10
 80 4.68431e+10 4.64544e+10 4.64387e+10 4.63629e+10 4.63305e+10 4.6346e+10 4.63464e+10 4.64393e+10 8.6817e+10
 90 5.40574e+10 5.35816e+10 5.35488e+10 5.3474e+10 5.34253e+10 5.33987e+10 5.34327e+10 5.35513e+10 1.06002e+11
 100 6.13502e+10 6.07843e+10 6.07341e+10 6.06608e+10 6.05954e+10 6.05089e+10 6.05884e+10 6.07355e+10 1.26346e+11
 110 6.88693e+10 6.82105e+10 6.81476e+10 6.80724e+10 6.79908e+10 6.78292e+10 6.79641e+10 6.81421e+10 1.47722e+11
 120 7.67682e+10 7.6015e+10 7.59454e+10 7.58631e+10 7.57649e+10 7.55163e+10 7.57148e+10 7.5926e+10 1.7003e+11
 130 8.51684e+10 8.43206e+10 8.42503e+10 8.41542e+10 8.40378e+10 8.36957e+10 8.39626e+10 8.42095e+10 1.93192e+11
 140 9.41343e+10 9.31936e+10 9.31273e+10 9.30081e+10 9.28731e+10 9.24359e+10 9.27724e+10 9.30574e+10 2.17133e+11
 150 1.03674e+11 1.02642e+11 1.02582e+11 1.0243e+11 1.02276e+11 1.01747e+11 1.02151e+11 1.02477e+11 2.41783e+11
 160 1.13751e+11 1.12628e+11 1.12572e+11 1.1238e+11 1.12205e+11 1.11591e+11 1.12059e+11 1.12429e+11 2.67081e+11
 170 1.24299e+11 1.23086e+11 1.23029e+11 1.22791e+11 1.2259e+11 1.21898e+11 1.22426e+11 1.22844e+11 2.92969e+11
 180 1.35245e+11 1.33941e+11 1.33872e+11 1.33587e+11 1.3335e+11 1.32589e+11 1.33175e+11 1.33646e+11 3.19393e+11
 190 1.46525e+11 1.45128e+11 1.45037e+11 1.44702e+11 1.44418e+11 1.4359e+11 1.44237e+11 1.44767e+11 3.46309e+11
 200 1.58092e+11 1.56595e+11 1.56474e+11 1.56088e+11 1.55743e+11 1.54853e+11 1.55561e+11 1.56158e+11 3.73682e+11
 200 1.5791e+11 1.56748e+11 1.57212e+11 1.56295e+11 1.55641e+11 1.55117e+11 1.55684e+11 1.56327e+11 3.73807e+11
 400 4.41108e+11 4.36753e+11 4.36497e+11 4.34222e+11 4.31442e+11 4.2997e+11 4.31878e+11 4.34375e+11 1.00162e+12
 600 8.01041e+11 7.93858e+11 7.9106e+11 7.88017e+11 7.81081e+11 7.7691e+11 7.82003e+11 7.8733e+11 1.78491e+12
 800 1.21613e+12 1.20715e+12 1.2012e+12 1.19698e+12 1.18629e+12 1.17526e+12 1.18617e+12 1.19497e+12 2.69947e+12
 1000 1.67199e+12 1.66074e+12 1.65376e+12 1.64718e+12 1.63161e+12 1.61204e+12 1.63028e+12 1.64303e+12 3.70775e+12
 1200 2.15879e+12 2.1429e+12 2.13727e+12 2.12771e+12 2.10517e+12 2.07697e+12 2.10328e+12 2.1205e+12 4.78615e+12
 1400 2.66905e+12 2.64846e+12 2.64523e+12 2.6311e+12 2.60129e+12 2.56399e+12 2.59879e+12 2.62097e+12 5.92498e+12
 1600 3.19599e+12 3.17073e+12 3.17402e+12 3.15223e+12 3.11546e+12 3.06782e+12 3.11184e+12 3.1392e+12 7.1095e+12
 1800 3.73807e+12 3.70644e+12 3.71729e+12 3.68744e+12 3.64413e+12 3.58486e+12 3.63881e+12 3.67153e+12 8.33726e+12
 2000 4.29233e+12 4.25154e+12 4.27171e+12 4.23123e+12 4.18421e+12 4.11018e+12 4.17521e+12 4.21387e+12 9.60283e+12
 2200 4.85711e+12 4.80771e+12 4.83482e+12 4.78337e+12 4.73293e+12 4.64233e+12 4.71955e+12 4.76501e+12 1.09015e+13
 2400 5.43164e+12 5.37418e+12 5.40606e+12 5.3411e+12 5.28842e+12 5.17862e+12 5.26938e+12 5.32321e+12 1.2224e+13
 2600 6.01401e+12 5.94963e+12 5.98155e+12 5.9044e+12 5.85085e+12 5.71874e+12 5.82467e+12 5.88749e+12 1.35615e+13
 2800 6.60399e+12 6.53111e+12 6.55986e+12 6.47201e+12 6.41914e+12 6.26187e+12 6.38434e+12 6.4566e+12 1.49089e+13
 3000 7.19997e+12 7.11819e+12 7.14035e+12 7.04256e+12 6.99302e+12 6.80905e+12 6.94821e+12 7.03006e+12 1.62663e+13
 3200 7.80014e+12 7.71133e+12 7.72224e+12 7.61639e+12 7.56932e+12 7.35897e+12 7.51489e+12 7.60676e+12 1.76318e+13
 3400 8.40438e+12 8.30821e+12 8.30364e+12 8.19379e+12 8.14767e+12 7.91255e+12 8.08467e+12 8.1863e+12 1.9005e+13
 3600 9.01295e+12 8.90978e+12 8.88404e+12 8.77329e+12 8.72703e+12 8.46979e+12 8.6567e+12 8.76826e+12 2.03796e+13
 3800 9.6243e+12 9.51557e+12 9.46381e+12 9.35398e+12 9.3082e+12 9.02956e+12 9.23058e+12 9.35217e+12 2.17535e+13
 4000 1.02355e+13 1.01229e+13 1.0042e+13 9.93325e+12 9.89084e+12 9.58941e+12 9.8045e+12 9.93609e+12 2.31355e+13
 4000 1.01657e+13 9.99497e+12 9.95953e+12 9.83799e+12 9.80086e+12 9.63414e+12 9.75766e+12 9.87062e+12 2.26235e+13
 8000 2.23277e+13 2.23841e+13 2.15787e+13 2.15117e+13 2.13798e+13 2.09784e+13 2.129e+13 2.16127e+13 5.12095e+13
 12000 3.45197e+13 3.53836e+13 3.40243e+13 3.40466e+13 3.30932e+13 3.2622e+13 3.3254e+13 3.38094e+13 7.9825e+13
 16000 4.6547e+13 4.93494e+13 4.57848e+13 4.76399e+13 4.48367e+13 4.4363e+13 4.56132e+13 4.62588e+13 1.08177e+14
 20000 5.83523e+13 6.34189e+13 5.76458e+13 6.14164e+13 5.6634e+13 5.61684e+13 5.80729e+13 5.8766e+13 1.37913e+14
 24000 7.01409e+13 7.74009e+13 6.97717e+13 7.49724e+13 6.89508e+13 6.81118e+13 7.06783e+13 7.13821e+13 1.67723e+14
 28000 8.20013e+13 9.11866e+13 8.16915e+13 8.84759e+13 8.14066e+13 8.01772e+13 8.33532e+13 8.39959e+13 1.98993e+14
 32000 9.40137e+13 1.04685e+14 9.31643e+13 1.01122e+14 9.38911e+13 9.21612e+13 9.57248e+13 9.63499e+13 2.31246e+14
 36000 1.05843e+14 1.17477e+14 1.04987e+14 1.13775e+14 1.07178e+14 1.04108e+14 1.08354e+14 1.08787e+14 2.63096e+14
 40000 1.17778e+14 1.30335e+14 1.17369e+14 1.26609e+14 1.20382e+14 1.15625e+14 1.20872e+14 1.21254e+14 2.95176e+14
 44000 1.29617e+14 1.43018e+14 1.29182e+14 1.39063e+14 1.33841e+14 1.27188e+14 1.33364e+14 1.33594e+14 3.26929e+14
 48000 1.41412e+14 1.55557e+14 1.40325e+14 1.51532e+14 1.47733e+14 1.39277e+14 1.46181e+14 1.46014e+14 3.59427e+14
 52000 1.53411e+14 1.67655e+14 1.50921e+14 1.63843e+14 1.61728e+14 1.51476e+14 1.59016e+14 1.58341e+14 3.93472e+14
 56000 1.65094e+14 1.79336e+14 1.61702e+14 1.76156e+14 1.76357e+14 1.63218e+14 1.71911e+14 1.70631e+14 4.28756e+14
 60000 1.76621e+14 1.90626e+14 1.72064e+14 1.88207e+14 1.91209e+14 1.75746e+14 1.85054e+14 1.82941e+14 4.64805e+14
 64000 1.87777e+14 2.01519e+14 1.82398e+14 2.00163e+14 2.06488e+14 1.88715e+14 1.98455e+14 1.95299e+14 5.00357e+14
 68000 1.98532e+14 2.12541e+14 1.92032e+14 2.11771e+14 2.22299e+14 2.01852e+14 2.11974e+14 2.07598e+14 5.34086e+14
 72000 2.10071e+14 2.22998e+14 2.02012e+14 2.23517e+14 2.38007e+14 2.14329e+14 2.25285e+14 2.19848e+14 5.68229e+14
 76000 2.22232e+14 2.34181e+14 2.12296e+14 2.35359e+14 2.54464e+14 2.26354e+14 2.38726e+14 2.32397e+14 6.03264e+14
 80000 2.34898e+14 2.45403e+14 2.23279e+14 2.46267e+14 2.7117e+14 2.39025e+14 2.52154e+14 2.45103e+14 6.39897e+14
 80000 2.31598e+14 2.62986e+14 2.08433e+14 2.72192e+14 2.96695e+14 2.48652e+14 2.72513e+14 2.57243e+14 6.44979e+14
 160000 3.8861e+14 4.44329e+14 4.22779e+14 5.29914e+14 6.75595e+14 5.266e+14 5.7737e+14 5.13851e+14 1.47709e+15
 240000 6.1239e+14 6.82709e+14 5.94841e+14 7.41028e+14 1.06025e+15 7.23947e+14 8.41742e+14 7.57037e+14 2.31504e+15
 320000 8.31989e+14 9.11071e+14 7.27973e+14 8.99505e+14 1.45858e+15 8.73521e+14 1.0772e+15 9.75792e+14 3.23714e+15
 400000 1.06387e+15 1.03895e+15 8.49584e+14 1.03224e+15 1.86767e+15 9.89041e+14 1.29632e+15 1.17144e+15 3.83951e+15
 480000 1.3902e+15 1.21561e+15 9.29059e+14 1.25204e+15 2.29902e+15 1.08122e+15 1.54409e+15 1.39777e+15 4.18838e+15
 560000 1.69287e+15 1.40826e+15 1.03451e+15 1.39502e+15 2.82901e+15 1.17943e+15 1.80115e+15 1.63211e+15 4.75051e+15
 640000 1.99044e+15 1.60537e+15 1.10938e+15 1.53467e+15 3.35469e+15 1.33473e+15 2.0747e+15 1.87218e+15 5.27101e+15
 720000 2.17508e+15 1.82518e+15 1.13314e+15 1.66785e+15 3.87421e+15 1.55954e+15 2.3672e+15 2.10477e+15 6.05854e+15
 800000 2.42211e+15 1.96785e+15 1.20168e+15 1.78334e+15 4.45403e+15 1.68957e+15 2.64231e+15 2.33094e+15 7.04602e+15
 880000 2.67142e+15 2.08076e+15 1.24529e+15 1.96595e+15 5.03339e+15 1.83469e+15 2.94468e+15 2.56647e+15 8.04822e+15
 960000 2.96723e+15 2.2505e+15 1.3192e+15 2.09114e+15 5.62704e+15 1.96125e+15 3.22648e+15 2.80748e+15 9.00279e+15
 1.04e+06 3.20985e+15 2.34203e+15 1.39899e+15 2.2399e+15 6.24363e+15 2.01456e+15 3.49936e+15 3.0264e+15 9.89752e+15
 1.12e+06 3.46856e+15 2.53407e+15 1.47671e+15 2.40073e+15 6.73348e+15 2.05812e+15 3.73078e+15 3.23571e+15 1.05345e+16
 1.2e+06 3.66367e+15 2.68361e+15 1.54112e+15 2.49831e+15 7.04609e+15 2.04964e+15 3.86468e+15 3.37059e+15 1.12689e+16
 1.28e+06 3.872e+15 2.8523e+15 1.62493e+15 2.59578e+15 7.35768e+15 2.03239e+15 3.99528e+15 3.5104e+15 1.17929e+16
 1.36e+06 4.06095e+15 2.90988e+15 1.68701e+15 2.5915e+15 7.72314e+15 2.00638e+15 4.10701e+15 3.61858e+15 1.22567e+16
 1.44e+06 4.18762e+15 2.8575e+15 1.61593e+15 2.59102e+15 8.04851e+15 2.07663e+15 4.23872e+15 3.69804e+15 1.27881e+16
 1.52e+06 4.27515e+15 2.8227e+15 1.45543e+15 2.65055e+15 8.30818e+15 2.10971e+15 4.35614e+15 3.75412e+15 1.34946e+16
 1.6e+06 4.32854e+15 2.75819e+15 1.35071e+15 2.68673e+15 8.49848e+15 2.16649e+15 4.45057e+15 3.79533e+15 1.42466e+16
 1.6e+06 4.92975e+15 2.30311e+15 1.26774e+15 1.28188e+15 3.53641e+15 2.2114e+15 2.34323e+15 2.53935e+15 1.09374e+16
 3.2e+06 6.12716e+15 4.20528e+15 8.05034e+14 3.76663e+15 7.02328e+15 1.86222e+15 4.21738e+15 4.01542e+15 3.403e+16
 4.8e+06 4.66446e+15 1.44136e+15 2.43992e+15 9.1075e+15 1.16353e+16 2.23976e+15 7.66086e+15 5.73595e+15 3.97591e+16
 6.4e+06 2.04824e+15 5.60012e+13 1.46663e+15 1.1634e+16 2.36932e+16 5.65227e+15 1.36599e+16 8.67203e+15 2.32955e+16
 8e+06 4.56535e+14 1.0935e+15 2.96314e+15 1.5033e+16 2.53876e+16 4.34548e+15 1.4922e+16 9.55498e+15 1.00732e+16
