# Time-averaged data for fix TEAve
# TimeStep v_TotEn
100000 -8399.29
200000 -8394.42
300000 -8400.57
400000 -8393.28
500000 -8393.19
600000 -8398.47
700000 -8394.83
800000 -8392.22
900000 -8393.42
1000000 -8393.66
1100000 -8392.64
1200000 -8393.43
1300000 -8394.77
1400000 -8393.18
1500000 -8394.57
1600000 -8395.46
1700000 -8393.28
1800000 -8397.22
1900000 -8391.36
2000000 -8391.7
2100000 -8395.44
2200000 -8391.73
2300000 -8393.26
2400000 -8393.76
2500000 -8395.63
2600000 -8397.7
2700000 -8394.86
2800000 -8394.54
2900000 -8394.19
3000000 -8391.78
3100000 -8396.12
3200000 -8398.38
3300000 -8397.16
3400000 -8393.22
3500000 -8394.97
3600000 -8396.34
3700000 -8394.58
3800000 -8398.48
3900000 -8397.32
4000000 -8390.21
4100000 -8395.55
4200000 -8390.01
4300000 -8395.96
4400000 -8393.95
4500000 -8397.41
4600000 -8391.88
4700000 -8400.07
4800000 -8391.44
4900000 -8396.16
5000000 -8392.45
5100000 -8394.85
5200000 -8390.61
5300000 -8399.8
5400000 -8393.83
5500000 -8401.31
5600000 -8394.36
5700000 -8390.4
5800000 -8393.39
5900000 -8391.38
6000000 -8390.56
6100000 -8393.28
6200000 -8400.05
6300000 -8391.5
6400000 -8393.74
6500000 -8390.65
6600000 -8395.12
6700000 -8399.67
6800000 -8389.8
6900000 -8387.32
7000000 -8397.47
7100000 -8393.14
7200000 -8393.36
7300000 -8399.18
7400000 -8395.81
7500000 -8396.14
7600000 -8394.87
7700000 -8393.35
7800000 -8392.48
7900000 -8398.12
8000000 -8397.51
8100000 -8394.3
8200000 -8393.74
8300000 -8399.96
8400000 -8396.96
8500000 -8402.21
8600000 -8391.46
8700000 -8392.28
8800000 -8395.17
8900000 -8394.27
9000000 -8389.31
9100000 -8394.44
9200000 -8399.84
9300000 -8395.01
9400000 -8394.78
9500000 -8395.09
9600000 -8393.98
9700000 -8389.57
9800000 -8395.89
9900000 -8393.91
10000000 -8399.77
10100000 -8398.83
10200000 -8392.79
10300000 -8394.1
10400000 -8395.98
10500000 -8394.75
10600000 -8393.04
10700000 -8394.64
10800000 -8395.69
10900000 -8395.47
11000000 -8390.83
11100000 -8395.69
11200000 -8393.64
11300000 -8397.57
11400000 -8388.87
11500000 -8394.51
11600000 -8390.3
11700000 -8391.7
11800000 -8395.8
11900000 -8398.3
12000000 -8393.14
12100000 -8396.95
12200000 -8394.06
12300000 -8399.14
12400000 -8394.68
12500000 -8394.49
12600000 -8396.09
12700000 -8398.92
12800000 -8398.79
12900000 -8393.77
13000000 -8397.88
13100000 -8395.47
13200000 -8397.3
13300000 -8394.76
13400000 -8392.02
13500000 -8388.66
13600000 -8396.86
13700000 -8396.08
13800000 -8394.48
13900000 -8395.75
14000000 -8394.15
14100000 -8391.8
14200000 -8395.37
14300000 -8392.01
14400000 -8395.31
14500000 -8392.49
14600000 -8398.29
14700000 -8396.83
14800000 -8398.08
14900000 -8393.3
15000000 -8397.74
15100000 -8389.97
15200000 -8388
15300000 -8398.29
15400000 -8398.8
15500000 -8393.26
15600000 -8395.72
15700000 -8390.61
15800000 -8390.9
15900000 -8393.86
16000000 -8395.03
16100000 -8391.98
16200000 -8395.81
16300000 -8393.42
16400000 -8392.97
16500000 -8390.12
16600000 -8400.27
16700000 -8395.24
16800000 -8397.67
16900000 -8398.68
17000000 -8395.63
17100000 -8395.42
17200000 -8400.43
17300000 -8394.41
17400000 -8394.88
17500000 -8394.96
17600000 -8391.03
17700000 -8395.75
17800000 -8394.01
17900000 -8399.78
18000000 -8391.44
18100000 -8394.43
18200000 -8395.96
18300000 -8395.33
18400000 -8392.86
18500000 -8395.98
18600000 -8390.88
18700000 -8393.6
18800000 -8393.69
18900000 -8390.94
19000000 -8395.35
19100000 -8389.92
19200000 -8392.17
19300000 -8390.57
19400000 -8395.26
19500000 -8392.79
19600000 -8391.94
19700000 -8399.92
19800000 -8390.83
19900000 -8398.27
20000000 -8397.77
20100000 -8395.94
20200000 -8395.26
20300000 -8388.72
20400000 -8396.7
20500000 -8397.09
20600000 -8390.81
20700000 -8398.06
20800000 -8396.8
20900000 -8397.55
21000000 -8398.69
21100000 -8386.61
21200000 -8388.82
21300000 -8398.93
21400000 -8394.03
21500000 -8395.65
21600000 -8394.63
21700000 -8396.65
21800000 -8390.03
21900000 -8395.81
22000000 -8396.61
22100000 -8396.36
22200000 -8392.72
22300000 -8396.9
22400000 -8393.79
22500000 -8399.26
22600000 -8402.64
22700000 -8395.58
22800000 -8397.96
22900000 -8396.27
23000000 -8397.44
23100000 -8392.72
23200000 -8390.27
23300000 -8393.63
23400000 -8395.21
23500000 -8392.13
23600000 -8394.15
23700000 -8391.42
23800000 -8393.12
23900000 -8393.71
24000000 -8400.39
24100000 -8393.9
24200000 -8394.39
24300000 -8394.83
24400000 -8397.2
24500000 -8397.61
24600000 -8390.93
24700000 -8398.6
24800000 -8393.33
24900000 -8397.73
25000000 -8394.79
25100000 -8388.73
25200000 -8399.71
25300000 -8400.93
25400000 -8388.94
25500000 -8393.45
25600000 -8384.8
25700000 -8394.27
25800000 -8389.51
25900000 -8398.54
26000000 -8397.68
26100000 -8401.48
26200000 -8400.99
26300000 -8392.24
26400000 -8393.99
26500000 -8401.34
26600000 -8396.85
26700000 -8392.29
26800000 -8396.49
26900000 -8392.95
27000000 -8393.64
27100000 -8394.93
27200000 -8392.57
27300000 -8392.28
27400000 -8389.26
27500000 -8393.45
27600000 -8390.09
27700000 -8391.16
27800000 -8397.26
27900000 -8393.68
28000000 -8398.24
28100000 -8394.57
28200000 -8394.58
28300000 -8396.88
28400000 -8398.52
28500000 -8398.83
28600000 -8395.4
28700000 -8393.95
28800000 -8396.01
28900000 -8393.84
29000000 -8393.44
29100000 -8394.39
29200000 -8395.86
29300000 -8396.62
29400000 -8392.42
29500000 -8396.99
29600000 -8389.62
29700000 -8396.55
29800000 -8393.96
29900000 -8395.07
30000000 -8394.22
30100000 -8389.68
30200000 -8387.6
30300000 -8394.17
30400000 -8394.14
30500000 -8392.52
30600000 -8394.76
30700000 -8392
30800000 -8393.75
30900000 -8391.34
31000000 -8390.36
31100000 -8401.72
31200000 -8395.91
31300000 -8397.84
31400000 -8394.94
31500000 -8398.88
31600000 -8396.39
31700000 -8397.01
31800000 -8393.28
31900000 -8393.11
32000000 -8399.44
32100000 -8398.78
32200000 -8394.79
32300000 -8394.37
32400000 -8392.32
32500000 -8395.87
32600000 -8393.49
32700000 -8396.31
32800000 -8393.92
32900000 -8397.66
33000000 -8392.54
33100000 -8394.23
33200000 -8390.19
33300000 -8398.34
33400000 -8397.8
33500000 -8401.03
33600000 -8392.46
33700000 -8390.4
33800000 -8390.84
33900000 -8397.9
34000000 -8395.82
34100000 -8393.77
34200000 -8400.26
34300000 -8394.14
34400000 -8390.74
34500000 -8395.94
34600000 -8391.07
34700000 -8391.55
34800000 -8397.92
34900000 -8397.95
35000000 -8395.72
35100000 -8394.16
35200000 -8390.91
35300000 -8396.1
35400000 -8398.38
35500000 -8394.34
35600000 -8392.85
35700000 -8396.82
35800000 -8395.87
35900000 -8394.75
36000000 -8393.97
36100000 -8392.44
36200000 -8395.07
36300000 -8397.82
36400000 -8394.6
36500000 -8395.89
36600000 -8401.14
36700000 -8393.31
36800000 -8394.35
36900000 -8391.55
37000000 -8404.56
37100000 -8392.96
37200000 -8395.31
37300000 -8395.07
37400000 -8392.75
37500000 -8396.04
37600000 -8398.07
37700000 -8391.48
37800000 -8393.27
37900000 -8395.43
38000000 -8397.13
38100000 -8392.24
38200000 -8396.78
38300000 -8395.63
38400000 -8395.28
38500000 -8396.62
38600000 -8398.24
38700000 -8396.47
38800000 -8389.26
38900000 -8392.79
39000000 -8394.28
39100000 -8392.42
39200000 -8396.51
39300000 -8394.64
39400000 -8394.85
39500000 -8396.12
39600000 -8391.65
39700000 -8395.2
39800000 -8391.94
39900000 -8395.07
40000000 -8393.58
40100000 -8394.89
40200000 -8395.19
40300000 -8396.44
40400000 -8392.36
40500000 -8394.14
40600000 -8396.52
40700000 -8394.38
40800000 -8392.02
40900000 -8394.88
41000000 -8395.35
41100000 -8396.76
41200000 -8393.78
41300000 -8398.52
41400000 -8393.27
41500000 -8396.37
41600000 -8400.41
41700000 -8395.06
41800000 -8393.8
41900000 -8391.22
42000000 -8397.09
42100000 -8392.82
42200000 -8392.42
42300000 -8395.82
42400000 -8396.72
42500000 -8393.89
42600000 -8388.86
42700000 -8389.74
42800000 -8395.71
42900000 -8394.93
43000000 -8396.84
43100000 -8390.66
43200000 -8396.58
43300000 -8393.61
43400000 -8394.72
43500000 -8394.02
43600000 -8398.1
43700000 -8393.47
43800000 -8396.73
43900000 -8394.69
44000000 -8390.6
44100000 -8393.55
44200000 -8396.13
44300000 -8393.75
44400000 -8391.75
44500000 -8396.15
44600000 -8395.12
44700000 -8392.73
44800000 -8389.95
44900000 -8394.41
45000000 -8393.46
45100000 -8392.86
45200000 -8395.48
45300000 -8395.13
45400000 -8397.2
45500000 -8397.66
45600000 -8397
45700000 -8398.35
45800000 -8391.22
45900000 -8392.53
46000000 -8394.78
46100000 -8397.66
46200000 -8396.38
46300000 -8396.16
46400000 -8399.42
46500000 -8399.04
46600000 -8391.69
46700000 -8399.87
46800000 -8388.39
46900000 -8391.35
47000000 -8397.04
47100000 -8389.34
47200000 -8400.41
47300000 -8394.75
47400000 -8389.55
47500000 -8393.41
47600000 -8397.49
47700000 -8388.25
47800000 -8395.49
47900000 -8396.22
48000000 -8398.87
48100000 -8397.14
48200000 -8393.61
48300000 -8395.65
48400000 -8393.59
48500000 -8392.48
48600000 -8398.52
48700000 -8392.14
48800000 -8392.13
48900000 -8397.81
49000000 -8394.84
49100000 -8397.03
49200000 -8395.55
49300000 -8395.64
49400000 -8395.7
49500000 -8394.84
49600000 -8392.92
49700000 -8396.64
49800000 -8393.01
49900000 -8396.19
50000000 -8390.52
