#NOTE: MSDs should be divided by (temperature^2).
#NOTE: MSDs have been divided by 2.
#Time	MSD_x	MSD_y	MSD_z	MSD_all
 20 80.2588 80.325 80.2237 80.2692
 40 103.446 103.702 103.524 103.557
 60 131.668 131.855 131.546 131.689
 80 162.309 162.576 162.109 162.331
 100 196.62 196.948 196.165 196.578
 120 226.772 227.073 226.145 226.663
 140 260.237 260.605 259.465 260.102
 160 293.243 293.699 292.497 293.146
 180 326.344 326.956 325.465 326.255
 200 358.908 359.667 357.886 358.82
 220 390.871 391.835 389.988 390.898
 240 422.304 423.563 421.361 422.409
 260 453.13 454.567 452.114 453.27
 280 483.528 485.317 482.521 483.789
 300 513.314 515.347 512.27 513.644
 320 542.503 544.836 541.418 542.919
 340 571.164 573.813 570.101 571.693
 360 599.335 602.128 598.314 599.926
 380 627.205 630.171 626.074 627.817
 400 654.521 657.845 653.461 655.276
 400 653.583 659.966 653.616 655.722
 800 1169.51 1180.89 1168.99 1173.13
 1200 1671.59 1687.62 1673.95 1677.72
 1600 2170.26 2190.24 2167.97 2176.16
 2000 2670.57 2688.21 2660.86 2673.22
 2400 3169.89 3186.46 3151.68 3169.34
 2800 3663.76 3681.68 3642.99 3662.81
 3200 4157.02 4177.5 4135.86 4156.79
 3600 4652.27 4669.5 4629.34 4650.37
 4000 5145.87 5158.2 5120.47 5141.51
 4400 5639.18 5644.71 5610.82 5631.57
 4800 6129.96 6133.37 6098.27 6120.53
 5200 6625.18 6622.65 6585.18 6611.01
 5600 7118.24 7118.22 7069.19 7101.88
 6000 7612.36 7608.89 7550.11 7590.45
 6400 8109.23 8100.43 8032.3 8080.65
 6800 8609.07 8591.3 8509.22 8569.86
 7200 9103.46 9076.14 8988.88 9056.16
 7600 9601.24 9559.64 9470.33 9543.74
 8000 10095.7 10043.2 9944.37 10027.8
 8000 10061.8 9990.07 9872.13 9974.68
 16000 19915.4 19508.7 19318.2 19580.8
 24000 29460.5 29082.9 28825.4 29123
 32000 39564.8 38923.6 38241.9 38910.1
 40000 49478 48648.6 47617.8 48581.5
 48000 59177.3 58161.9 57238.1 58192.4
 56000 68992.6 67704.9 66909 67868.8
 64000 79024.7 77494 76513.3 77677.3
 72000 89078.2 87313 85949.8 87447
 80000 98741.3 96683.1 95342.5 96922.3
 88000 108450 105855 104749 106351
 96000 118409 115081 113834 115775
 104000 128153 124092 123187 125144
 112000 137905 133454 132445 134601
 120000 147817 142938 141574 144110
 128000 157482 152385 151050 153639
 136000 166901 161879 160803 163194
 144000 176255 171456 170684 172798
 152000 185992 181123 180240 182452
 160000 195992 190188 190001 192060
 160000 199829 192643 200050 197507
 320000 395090 382158 388940 388729
 480000 599763 566110 591995 585956
 640000 818462 764608 794568 792546
 800000 1.0453e+06 961761 1.00196e+06 1.00301e+06
 960000 1.28302e+06 1.16088e+06 1.21153e+06 1.21848e+06
 1.12e+06 1.52284e+06 1.37657e+06 1.40927e+06 1.43623e+06
 1.28e+06 1.76256e+06 1.58746e+06 1.63704e+06 1.66235e+06
 1.44e+06 1.99321e+06 1.80309e+06 1.84912e+06 1.8818e+06
 1.6e+06 2.21284e+06 2.01008e+06 2.06464e+06 2.09585e+06
 1.76e+06 2.44512e+06 2.22718e+06 2.26791e+06 2.3134e+06
 1.92e+06 2.6819e+06 2.44141e+06 2.48215e+06 2.53515e+06
 2.08e+06 2.88404e+06 2.6418e+06 2.66756e+06 2.73113e+06
 2.24e+06 3.10155e+06 2.893e+06 2.84252e+06 2.94569e+06
 2.4e+06 3.31497e+06 3.11944e+06 3.02142e+06 3.15195e+06
 2.56e+06 3.49387e+06 3.33369e+06 3.19214e+06 3.3399e+06
 2.72e+06 3.63965e+06 3.5389e+06 3.36733e+06 3.51529e+06
 2.88e+06 3.81224e+06 3.74165e+06 3.53552e+06 3.69647e+06
 3.04e+06 3.97799e+06 3.94313e+06 3.71518e+06 3.87876e+06
 3.2e+06 4.12669e+06 4.15778e+06 3.8951e+06 4.05986e+06
 3.2e+06 3.46801e+06 3.21953e+06 3.31953e+06 3.33569e+06
 6.4e+06 5.32715e+06 8.23386e+06 8.56386e+06 7.37495e+06
 9.6e+06 7.89158e+06 1.47267e+07 1.21395e+07 1.15859e+07
 1.28e+07 1.10378e+07 2.33518e+07 1.6819e+07 1.70695e+07
 1.6e+07 1.22144e+07 3.34581e+07 2.16458e+07 2.24394e+07
 1.92e+07 1.19412e+07 4.60505e+07 2.45136e+07 2.75018e+07
 2.24e+07 1.23309e+07 6.13923e+07 2.67191e+07 3.34807e+07
 2.56e+07 1.20976e+07 7.7287e+07 3.11887e+07 4.01911e+07
 2.88e+07 1.55155e+07 9.4435e+07 3.55844e+07 4.85116e+07
 3.2e+07 1.78045e+07 1.08404e+08 3.87452e+07 5.49846e+07
 3.52e+07 2.41125e+07 1.25428e+08 3.95912e+07 6.30439e+07
 3.84e+07 2.49274e+07 1.40034e+08 4.18188e+07 6.89268e+07
 4.16e+07 2.5891e+07 1.56737e+08 4.56645e+07 7.60974e+07
 4.48e+07 2.75821e+07 1.70578e+08 4.41521e+07 8.07707e+07
 4.8e+07 3.57318e+07 1.69694e+08 3.98904e+07 8.17722e+07
 5.12e+07 4.05428e+07 1.65984e+08 3.17761e+07 7.94343e+07
 5.44e+07 5.27847e+07 1.64975e+08 2.05201e+07 7.94265e+07
 5.76e+07 6.95078e+07 1.74002e+08 1.30981e+07 8.55359e+07
 6.08e+07 7.19862e+07 1.95942e+08 9.00803e+06 9.2312e+07
 6.4e+07 9.64437e+07 2.11779e+08 1.33656e+06 1.03186e+08
 6.4e+07 1.12355e+08 2.16614e+08 2.51139e+06 1.10493e+08
