#NOTE: MSDs should be divided by the temperature.
#NOTE: MSDs have been divided by 2 or 10 (i.e., the viscosity computed from all components).
#Time	MSD_xx	MSD_yy	MSD_zz	MSD_xy	MSD_xz	MSD_yz	MSD_off	MSD_all	MSD_bulkvisc
 20 5.5344e+09 5.54652e+09 5.60232e+09 5.56115e+09 5.62267e+09 5.59569e+09 5.59317e+09 5.58033e+09 7.00683e+09
 40 1.76666e+10 1.77149e+10 1.78994e+10 1.77547e+10 1.79436e+10 1.78827e+10 1.78603e+10 1.78203e+10 2.58222e+10
 60 3.18034e+10 3.19229e+10 3.22494e+10 3.19982e+10 3.22772e+10 3.22195e+10 3.2165e+10 3.20957e+10 5.37408e+10
 80 4.60268e+10 4.62249e+10 4.67404e+10 4.6323e+10 4.6636e+10 4.66567e+10 4.65386e+10 4.64554e+10 8.88515e+10
 100 6.02042e+10 6.04466e+10 6.12481e+10 6.05273e+10 6.08414e+10 6.10175e+10 6.07954e+10 6.07304e+10 1.29578e+11
 120 7.52989e+10 7.55422e+10 7.67262e+10 7.55746e+10 7.58894e+10 7.62471e+10 7.59037e+10 7.58845e+10 1.74754e+11
 140 9.23334e+10 9.2519e+10 9.41862e+10 9.25333e+10 9.2895e+10 9.33677e+10 9.2932e+10 9.29643e+10 2.2363e+11
 160 1.11582e+11 1.1169e+11 1.13948e+11 1.11741e+11 1.12224e+11 1.1271e+11 1.12225e+11 1.12298e+11 2.75615e+11
 180 1.32611e+11 1.32678e+11 1.35612e+11 1.32819e+11 1.33466e+11 1.33942e+11 1.33409e+11 1.33499e+11 3.30183e+11
 200 1.54815e+11 1.54918e+11 1.58558e+11 1.55157e+11 1.56004e+11 1.56523e+11 1.55894e+11 1.55975e+11 3.86946e+11
 220 1.77856e+11 1.78106e+11 1.82407e+11 1.78407e+11 1.79486e+11 1.80114e+11 1.79336e+11 1.79384e+11 4.45648e+11
 240 2.01758e+11 2.02232e+11 2.07126e+11 2.02606e+11 2.03914e+11 2.04682e+11 2.03734e+11 2.03723e+11 5.06111e+11
 260 2.26684e+11 2.27396e+11 2.32851e+11 2.27889e+11 2.29386e+11 2.30324e+11 2.292e+11 2.29111e+11 5.68248e+11
 280 2.52675e+11 2.53598e+11 2.59682e+11 2.54266e+11 2.55906e+11 2.57089e+11 2.55754e+11 2.5558e+11 6.32008e+11
 300 2.79609e+11 2.80735e+11 2.87569e+11 2.81655e+11 2.83389e+11 2.84934e+11 2.83326e+11 2.83051e+11 6.97342e+11
 320 3.07331e+11 3.08688e+11 3.16367e+11 3.09934e+11 3.11717e+11 3.13771e+11 3.11807e+11 3.11402e+11 7.64221e+11
 340 3.35752e+11 3.37433e+11 3.4597e+11 3.39063e+11 3.40832e+11 3.43519e+11 3.41138e+11 3.4057e+11 8.32639e+11
 360 3.6484e+11 3.66917e+11 3.76298e+11 3.6907e+11 3.70773e+11 3.74103e+11 3.71315e+11 3.7053e+11 9.02601e+11
 380 3.94597e+11 3.97108e+11 4.07348e+11 3.99958e+11 4.01549e+11 4.05471e+11 4.02326e+11 4.01269e+11 9.74136e+11
 400 4.25001e+11 4.27977e+11 4.39108e+11 4.31644e+11 4.33077e+11 4.37639e+11 4.3412e+11 4.3275e+11 1.04727e+12
 400 4.22774e+11 4.28022e+11 4.3831e+11 4.30019e+11 4.32184e+11 4.37595e+11 4.33266e+11 4.31841e+11 1.04909e+12
 800 1.14668e+12 1.16573e+12 1.2005e+12 1.19137e+12 1.17567e+12 1.21344e+12 1.19349e+12 1.18448e+12 2.81052e+12
 1200 2.04092e+12 2.07029e+12 2.13828e+12 2.11143e+12 2.06647e+12 2.18372e+12 2.12054e+12 2.10559e+12 4.90697e+12
 1600 3.02115e+12 3.06299e+12 3.18059e+12 3.11946e+12 3.01307e+12 3.27051e+12 3.13435e+12 3.11591e+12 7.18809e+12
 2000 4.04736e+12 4.09266e+12 4.27374e+12 4.18705e+12 3.99894e+12 4.42149e+12 4.2025e+12 4.17667e+12 9.59221e+12
 2400 5.10723e+12 5.1414e+12 5.41416e+12 5.31178e+12 5.02301e+12 5.63093e+12 5.32191e+12 5.28152e+12 1.2075e+13
 2800 6.20147e+12 6.21547e+12 6.58706e+12 6.48383e+12 6.06048e+12 6.8616e+12 6.46864e+12 6.41505e+12 1.45603e+13
 3200 7.31969e+12 7.30028e+12 7.79649e+12 7.69756e+12 7.08803e+12 8.10008e+12 7.62855e+12 7.56599e+12 1.70684e+13
 3600 8.44678e+12 8.38614e+12 9.02817e+12 8.93477e+12 8.10064e+12 9.36501e+12 8.80014e+12 8.72823e+12 1.96044e+13
 4000 9.58011e+12 9.44901e+12 1.02605e+13 1.02162e+13 9.12519e+12 1.06375e+13 9.99296e+12 9.90105e+12 2.21466e+13
 4400 1.07328e+13 1.04939e+13 1.14714e+13 1.15454e+13 1.01402e+13 1.19099e+13 1.11985e+13 1.10788e+13 2.47075e+13
 4800 1.18688e+13 1.15334e+13 1.2672e+13 1.29153e+13 1.11689e+13 1.31667e+13 1.2417e+13 1.22601e+13 2.72682e+13
 5200 1.30245e+13 1.25592e+13 1.3883e+13 1.43109e+13 1.22145e+13 1.4384e+13 1.36365e+13 1.34441e+13 2.98923e+13
 5600 1.4202e+13 1.35765e+13 1.50947e+13 1.57263e+13 1.3274e+13 1.55784e+13 1.48596e+13 1.46322e+13 3.25531e+13
 6000 1.5386e+13 1.45847e+13 1.63313e+13 1.71688e+13 1.43504e+13 1.67514e+13 1.60902e+13 1.58277e+13 3.52652e+13
 6400 1.65639e+13 1.56118e+13 1.75873e+13 1.86462e+13 1.5428e+13 1.79164e+13 1.73302e+13 1.70332e+13 3.79746e+13
 6800 1.77495e+13 1.66737e+13 1.88562e+13 2.01252e+13 1.6489e+13 1.90668e+13 1.85603e+13 1.82401e+13 4.06993e+13
 7200 1.89731e+13 1.77696e+13 2.01316e+13 2.16071e+13 1.75247e+13 2.01882e+13 1.97733e+13 1.94472e+13 4.3438e+13
 7600 2.02255e+13 1.88877e+13 2.14139e+13 2.30829e+13 1.85259e+13 2.12664e+13 2.09584e+13 2.06453e+13 4.61748e+13
 8000 2.14915e+13 2.00253e+13 2.26925e+13 2.45499e+13 1.94908e+13 2.23029e+13 2.21145e+13 2.183e+13 4.88729e+13
 8000 1.95667e+13 2.07794e+13 2.31232e+13 2.44647e+13 1.88267e+13 2.36546e+13 2.23153e+13 2.18518e+13 4.7835e+13
 16000 4.44696e+13 4.27932e+13 4.85365e+13 5.3024e+13 3.749e+13 4.29238e+13 4.44793e+13 4.47941e+13 1.043e+14
 24000 7.0554e+13 6.40289e+13 7.42784e+13 8.24952e+13 6.02495e+13 6.29547e+13 6.85665e+13 6.89881e+13 1.5884e+14
 32000 1.00784e+14 8.27945e+13 1.0146e+14 1.12155e+14 7.71234e+13 8.49804e+13 9.14197e+13 9.28569e+13 2.24079e+14
 40000 1.29072e+14 9.42008e+13 1.34652e+14 1.48186e+14 9.47071e+13 1.06113e+14 1.16336e+14 1.17525e+14 2.84561e+14
 48000 1.59914e+14 1.02063e+14 1.69495e+14 1.8498e+14 1.11005e+14 1.31174e+14 1.42386e+14 1.42961e+14 3.46124e+14
 56000 1.89076e+14 1.04905e+14 1.99615e+14 2.19267e+14 1.29891e+14 1.49752e+14 1.66303e+14 1.65595e+14 4.12433e+14
 64000 2.15386e+14 1.03421e+14 2.26681e+14 2.52735e+14 1.50576e+14 1.68229e+14 1.90513e+14 1.8704e+14 4.74293e+14
 72000 2.46166e+14 1.06985e+14 2.52521e+14 2.86495e+14 1.72327e+14 1.83243e+14 2.14022e+14 2.09169e+14 5.3161e+14
 80000 2.76885e+14 1.15761e+14 2.76214e+14 3.2699e+14 1.94937e+14 1.96901e+14 2.3961e+14 2.32947e+14 5.7838e+14
 88000 3.09724e+14 1.20608e+14 3.03083e+14 3.65644e+14 2.14389e+14 2.10491e+14 2.63508e+14 2.55893e+14 6.22624e+14
 96000 3.38867e+14 1.28987e+14 3.27941e+14 4.0865e+14 2.34604e+14 2.17437e+14 2.86897e+14 2.78244e+14 6.68174e+14
 104000 3.64971e+14 1.34244e+14 3.50373e+14 4.51819e+14 2.54491e+14 2.28337e+14 3.11549e+14 3.00208e+14 7.1264e+14
 112000 3.93323e+14 1.4403e+14 3.72881e+14 5.00507e+14 2.72645e+14 2.31324e+14 3.34825e+14 3.2226e+14 7.47891e+14
 120000 4.22479e+14 1.54824e+14 3.99955e+14 5.54408e+14 2.88693e+14 2.37665e+14 3.60255e+14 3.46454e+14 7.90846e+14
 128000 4.56424e+14 1.6513e+14 4.30782e+14 6.06029e+14 3.06982e+14 2.45858e+14 3.8629e+14 3.72085e+14 8.276e+14
 136000 4.91993e+14 1.73735e+14 4.55363e+14 6.54149e+14 3.24068e+14 2.5439e+14 4.10869e+14 3.96e+14 8.69369e+14
 144000 5.27654e+14 1.80404e+14 4.75649e+14 6.96864e+14 3.40341e+14 2.64091e+14 4.33766e+14 4.18087e+14 9.07461e+14
 152000 5.65677e+14 1.85463e+14 4.9554e+14 7.35444e+14 3.59081e+14 2.66008e+14 4.53511e+14 4.3833e+14 9.34032e+14
 160000 6.03139e+14 1.91089e+14 5.16366e+14 7.69146e+14 3.76811e+14 2.70832e+14 4.72263e+14 4.58104e+14 9.64882e+14
 160000 3.75192e+14 4.30747e+14 4.40679e+14 7.36924e+14 2.71113e+14 2.98579e+14 4.35539e+14 4.27539e+14 4.51881e+14
 320000 1.1525e+15 6.8226e+14 6.72925e+14 1.15141e+15 4.78498e+14 3.35406e+14 6.55103e+14 7.2742e+14 6.79429e+14
 480000 1.95571e+15 7.33851e+14 1.27467e+15 1.08726e+15 5.22332e+14 6.43779e+14 7.51125e+14 9.79239e+14 8.18116e+14
 640000 2.4307e+15 4.88947e+14 2.1224e+15 1.72053e+15 2.49126e+14 8.19226e+14 9.29628e+14 1.23005e+15 1.14714e+15
 800000 2.50848e+15 1.07768e+14 2.70369e+15 1.82454e+15 1.69996e+14 7.65033e+14 9.19855e+14 1.26124e+15 1.32392e+15
 960000 2.9956e+15 4.53881e+14 3.50991e+15 1.46199e+15 3.92885e+14 1.63491e+15 1.16326e+15 1.62587e+15 8.81911e+14
 1.12e+06 4.89008e+15 6.03686e+14 3.76677e+15 2.65963e+14 5.52892e+14 1.62099e+15 8.13281e+14 1.72271e+15 1.57015e+15
 1.28e+06 5.10075e+15 1.15401e+15 1.40241e+15 7.06452e+14 8.15452e+14 3.86282e+15 1.79491e+15 2.0979e+15 1.22793e+15
