# Time-averaged data for fix PressAve
# TimeStep c_P
100000 10.4568
200000 -17.7016
300000 -2.05553
400000 -70.1575
500000 -45.2682
600000 -43.563
700000 -23.9561
800000 -19.7489
900000 16.9839
1000000 -7.32719
1100000 -36.0679
1200000 2.22254
1300000 -18.2385
1400000 -41.5432
1500000 23.0356
1600000 -6.19881
1700000 7.44488
1800000 11.9649
1900000 14.1496
2000000 -8.24356
2100000 17.7665
2200000 38.4983
2300000 -24.4945
2400000 -24.9799
2500000 -29.0143
2600000 -38.6103
2700000 -32.8329
2800000 13.3311
2900000 12.6547
3000000 -47.7325
3100000 -10.6649
3200000 -8.66638
3300000 -75.8167
3400000 -43.4444
3500000 -18.0056
3600000 14.4055
3700000 -42.8948
3800000 -12.603
3900000 -74.6272
4000000 -38.9697
4100000 -33.6961
4200000 -54.3184
4300000 30.2502
4400000 -41.858
4500000 -20.1008
4600000 13.2839
4700000 -16.8059
4800000 3.79184
4900000 29.5669
5000000 -43.3942
5100000 -8.06502
5200000 -45.9458
5300000 -22.4603
5400000 63.7281
5500000 64.6723
5600000 -14.9424
5700000 21.7155
5800000 -61.9908
5900000 -64.2493
6000000 -23.8791
6100000 -10.1454
6200000 -3.95011
6300000 -29.841
6400000 23.6421
6500000 14.6823
6600000 74.4752
6700000 -11.0097
6800000 -28.1144
6900000 35.4474
7000000 -30.0487
7100000 62.9346
7200000 -41.933
7300000 -5.84141
7400000 44.3334
7500000 -51.7795
7600000 -58.2142
7700000 1.21871
7800000 -33.3858
7900000 -7.51322
8000000 12.4039
8100000 -13.6963
8200000 -27.7175
8300000 52.6407
8400000 -10.2858
8500000 -74.5205
8600000 -34.4604
8700000 18.9986
8800000 -41.6487
8900000 -36.5153
9000000 32.6198
9100000 -12.4794
9200000 15.2177
9300000 -19.7123
9400000 7.16348
9500000 38.9405
9600000 -22.3978
9700000 8.94323
9800000 -4.26636
9900000 -56.5395
10000000 40.2357
10100000 4.62197
10200000 -7.24404
10300000 -29.4433
10400000 27.613
10500000 -12.7104
10600000 -22.3986
10700000 -6.10769
10800000 -42.2261
10900000 10.7144
11000000 16.7511
11100000 32.7099
11200000 -103.227
11300000 26.9446
11400000 -19.2583
11500000 -70.099
11600000 25.7486
11700000 57.4006
11800000 8.44061
11900000 -25.7923
12000000 -13.5116
12100000 22.4515
12200000 -24.0298
12300000 -12.8625
12400000 -14.2723
12500000 -15.6804
12600000 61.8042
12700000 -37.2261
12800000 -8.46741
12900000 62.9103
13000000 16.3558
13100000 -8.91843
13200000 -14.915
13300000 36.3407
13400000 -42.9655
13500000 -16.2237
13600000 -10.1852
13700000 3.4536
13800000 -61.2685
13900000 3.23899
14000000 20.2769
14100000 -69.5605
14200000 -49.8058
14300000 31.2411
14400000 -42.6513
14500000 -116.548
14600000 -54.3095
14700000 -96.1682
14800000 -36.0288
14900000 -8.59151
15000000 -16.901
15100000 51.0639
15200000 -48.3584
15300000 36.2012
15400000 34.1658
15500000 8.5622
15600000 -41.9737
15700000 4.43766
15800000 -0.595524
15900000 -54.9612
16000000 11.8903
16100000 -82.8756
16200000 -15.512
16300000 -48.3707
16400000 -19.8538
16500000 -19.3058
16600000 6.92272
16700000 42.1774
16800000 11.9138
16900000 -26.1857
17000000 -10.7649
17100000 -60.2754
17200000 35.7299
17300000 -31.4382
17400000 5.42951
17500000 -69.4946
17600000 -15.5259
17700000 7.61629
17800000 -51.1941
17900000 13.8359
18000000 96.5793
18100000 -8.74562
18200000 -21.404
18300000 -12.4898
18400000 4.65059
18500000 -9.11831
18600000 67.0061
18700000 18.1862
18800000 -53.35
18900000 27.7415
19000000 -55.4992
19100000 18.0701
19200000 -10.109
19300000 -24.138
19400000 43.3927
19500000 45.1551
19600000 -67.3837
19700000 34.1079
19800000 -76.0039
19900000 -19.6592
20000000 31.5724
20100000 70.853
20200000 -36.8764
20300000 50.6209
20400000 36.139
20500000 2.22024
20600000 32.3001
20700000 44.3932
20800000 24.624
20900000 38.5206
21000000 -46.4324
21100000 -39.5318
21200000 78.8017
21300000 24.6057
21400000 48.8067
21500000 68.7179
21600000 7.53926
21700000 6.98407
21800000 -46.3899
21900000 -21.7097
22000000 -64.146
22100000 24.2491
22200000 20.8799
22300000 54.514
22400000 -22.7588
22500000 -52.1407
22600000 -49.1204
22700000 -68.4085
22800000 -13.617
22900000 60.3931
23000000 32.7723
23100000 -34.0754
23200000 5.33152
23300000 -59.058
23400000 70.9298
23500000 17.6652
23600000 -22.5903
23700000 -24.6792
23800000 -11.3955
23900000 27.2783
24000000 -59.2212
24100000 -9.61058
24200000 -34.8983
24300000 5.37567
24400000 26.3453
24500000 50.377
24600000 0.219743
24700000 -7.24695
24800000 15.9602
24900000 28.9152
25000000 27.5619
25100000 26.7116
25200000 -70.3939
25300000 -2.54407
25400000 14.1995
25500000 8.3394
25600000 15.6867
25700000 -28.7618
25800000 -47.6106
25900000 2.22493
26000000 -30.1296
26100000 11.3842
26200000 -85.4566
26300000 -61.4927
26400000 -13.3026
26500000 24.5493
26600000 -7.77215
26700000 7.86874
26800000 -7.62787
26900000 -77.9716
27000000 -11.1659
27100000 -41.5859
27200000 -23.3902
27300000 -33.4953
27400000 51.0203
27500000 -42.6773
27600000 -29.9735
27700000 10.0879
27800000 15.8545
27900000 41.6638
28000000 -24.6159
28100000 -1.00966
28200000 -28.5819
28300000 -5.41414
28400000 -21.4476
28500000 43.8634
28600000 -45.6476
28700000 7.59405
28800000 -100.619
28900000 -16.3777
29000000 1.60036
29100000 -27.2143
29200000 -18.9964
29300000 16.0061
29400000 -15.4391
29500000 -27.8366
29600000 18.0917
29700000 -15.0269
29800000 -11.5942
29900000 81.796
30000000 -7.04182
30100000 -15.4114
30200000 13.933
30300000 -54.5601
30400000 -16.1445
30500000 0.717896
30600000 -29.3432
30700000 26.2526
30800000 1.32921
30900000 22.8183
31000000 -21.713
31100000 2.92194
31200000 -47.1579
31300000 5.46362
31400000 3.09662
31500000 -53.3499
31600000 5.69156
31700000 -35.5265
31800000 -33.2144
31900000 -1.07365
32000000 -23.681
32100000 7.22403
32200000 -2.26787
32300000 -94.6938
32400000 62.7864
32500000 25.2842
32600000 -66.9099
32700000 30.6843
32800000 0.0981027
32900000 46.7559
33000000 -65.7917
33100000 50.2042
33200000 -47.1841
33300000 -15.9646
33400000 -31.8102
33500000 53.3758
33600000 28.8185
33700000 -58.8887
