# Time-averaged data for fix TEAve
# TimeStep v_TotEn
100000 -9314.83
200000 -9313.14
300000 -9310.86
400000 -9314.5
500000 -9305.77
600000 -9306.73
700000 -9309.78
800000 -9312.63
900000 -9310.37
1000000 -9310.64
1100000 -9311.98
1200000 -9310.51
1300000 -9313.27
1400000 -9307.58
1500000 -9309.13
1600000 -9309.98
1700000 -9314.3
1800000 -9305.64
1900000 -9309.11
2000000 -9312.01
2100000 -9303.82
2200000 -9314.72
2300000 -9311.54
2400000 -9306.7
2500000 -9307.7
2600000 -9315.56
2700000 -9313.18
2800000 -9306.66
2900000 -9311.05
3000000 -9309.11
3100000 -9314.03
3200000 -9306.22
3300000 -9310.68
3400000 -9312.43
3500000 -9313.08
3600000 -9305.87
3700000 -9308.16
3800000 -9310.99
3900000 -9304.67
4000000 -9314.82
4100000 -9309.01
4200000 -9303.35
4300000 -9317.03
4400000 -9313.29
4500000 -9315.24
4600000 -9312.49
4700000 -9317.22
4800000 -9313.63
4900000 -9312.4
5000000 -9313
5100000 -9319.61
5200000 -9312.53
5300000 -9310.75
5400000 -9306.81
5500000 -9312.79
5600000 -9306.92
5700000 -9308.8
5800000 -9309.99
5900000 -9306.96
6000000 -9311.47
6100000 -9311.76
6200000 -9312.43
6300000 -9307.74
6400000 -9308.16
6500000 -9307.76
6600000 -9308.69
6700000 -9314.33
6800000 -9310.75
6900000 -9311.36
7000000 -9310.23
7100000 -9311.13
7200000 -9316.4
7300000 -9306.59
7400000 -9309.29
7500000 -9313.67
7600000 -9311.47
7700000 -9310.48
7800000 -9308.95
7900000 -9313.19
8000000 -9318.02
8100000 -9312.77
8200000 -9307.74
8300000 -9311.67
8400000 -9308.06
8500000 -9305.78
8600000 -9313.7
8700000 -9313.24
8800000 -9313.05
8900000 -9307.08
9000000 -9311.99
9100000 -9312.48
9200000 -9312.29
9300000 -9309.7
9400000 -9317.7
9500000 -9317.56
9600000 -9310.06
9700000 -9310.61
9800000 -9311.75
9900000 -9311.35
10000000 -9312.28
10100000 -9303.89
10200000 -9317.35
10300000 -9306.25
10400000 -9308.04
10500000 -9313.53
10600000 -9315.03
10700000 -9309.67
10800000 -9315.35
10900000 -9311.99
11000000 -9310.5
11100000 -9304.33
11200000 -9309.39
11300000 -9314.15
11400000 -9316.4
11500000 -9311.63
11600000 -9310.07
11700000 -9311.49
11800000 -9310.47
11900000 -9310.25
12000000 -9313.78
12100000 -9317.34
12200000 -9310.17
12300000 -9310.95
12400000 -9313.59
12500000 -9313.01
12600000 -9311.24
12700000 -9315.63
12800000 -9314.4
12900000 -9308.77
13000000 -9309.46
13100000 -9313.66
13200000 -9307.19
13300000 -9311.33
13400000 -9311.59
13500000 -9313.3
13600000 -9313.95
13700000 -9316.77
13800000 -9315.06
13900000 -9311.54
14000000 -9314.82
14100000 -9310.67
14200000 -9315.15
14300000 -9312.33
14400000 -9305.29
14500000 -9313.42
14600000 -9308.19
14700000 -9312.63
14800000 -9307.3
14900000 -9309.5
15000000 -9318.2
15100000 -9309.08
15200000 -9310.19
15300000 -9315.57
15400000 -9311.29
15500000 -9308.1
15600000 -9313.98
15700000 -9310.59
15800000 -9310.64
15900000 -9311.41
16000000 -9313.51
16100000 -9316.92
16200000 -9311.08
16300000 -9312.63
16400000 -9309.81
16500000 -9313.85
16600000 -9310.53
16700000 -9312.56
16800000 -9310.26
16900000 -9310.91
17000000 -9313.8
17100000 -9310.26
17200000 -9312.46
17300000 -9309.4
17400000 -9307.36
17500000 -9311.59
17600000 -9315.93
17700000 -9315.27
17800000 -9309.63
17900000 -9313.3
18000000 -9311.09
18100000 -9306.64
18200000 -9312.38
18300000 -9310.01
18400000 -9310.32
18500000 -9313.35
18600000 -9304.28
18700000 -9316.94
18800000 -9307.84
18900000 -9311.65
19000000 -9308.47
19100000 -9308.66
19200000 -9317.53
19300000 -9312.4
19400000 -9312.66
19500000 -9307.74
19600000 -9307.63
19700000 -9314.45
19800000 -9320.17
19900000 -9307.86
20000000 -9314.82
20100000 -9307.47
20200000 -9310.25
20300000 -9311.72
20400000 -9311.41
20500000 -9311.13
20600000 -9306.55
20700000 -9313.57
20800000 -9305.72
20900000 -9309.39
21000000 -9313.62
21100000 -9311.89
21200000 -9317.24
21300000 -9310.17
21400000 -9305.51
21500000 -9310.33
21600000 -9312.85
21700000 -9313.68
21800000 -9312.54
21900000 -9310.7
22000000 -9312.75
22100000 -9318.03
22200000 -9309.74
22300000 -9320.93
22400000 -9307.05
22500000 -9310.41
22600000 -9308.87
22700000 -9310.8
22800000 -9313.7
22900000 -9309.27
23000000 -9313.31
23100000 -9314.44
23200000 -9319.79
23300000 -9311.85
23400000 -9308.25
23500000 -9315.34
23600000 -9309.25
23700000 -9311.79
23800000 -9305.79
23900000 -9311.44
24000000 -9312.81
24100000 -9311.1
24200000 -9312.6
24300000 -9314.45
24400000 -9311.67
24500000 -9312.47
24600000 -9310.25
24700000 -9312.05
24800000 -9317.8
24900000 -9312.17
25000000 -9312.3
25100000 -9312.02
25200000 -9312.29
25300000 -9313.46
25400000 -9313.83
25500000 -9317.51
25600000 -9311.16
25700000 -9315.08
25800000 -9305.26
25900000 -9313.82
26000000 -9309.01
26100000 -9309.67
26200000 -9315.17
26300000 -9313.97
26400000 -9314.06
26500000 -9307.21
26600000 -9311.11
26700000 -9309.03
26800000 -9313.74
26900000 -9311.36
27000000 -9310.83
27100000 -9309.01
27200000 -9313.97
27300000 -9313.48
27400000 -9309.12
27500000 -9311.47
27600000 -9311.86
27700000 -9312.11
27800000 -9315.62
27900000 -9309.9
28000000 -9307.09
28100000 -9314.55
28200000 -9310.54
28300000 -9316.07
28400000 -9309.44
28500000 -9308.37
28600000 -9309.19
28700000 -9308.17
28800000 -9317.14
28900000 -9314.47
29000000 -9310.26
29100000 -9306.17
29200000 -9312.15
29300000 -9310.63
29400000 -9315.8
29500000 -9312.75
29600000 -9304.23
29700000 -9316.53
29800000 -9312.19
29900000 -9309.86
30000000 -9311.64
30100000 -9309.44
30200000 -9305.47
30300000 -9312.47
30400000 -9314.1
30500000 -9310.78
30600000 -9307.99
30700000 -9315.42
30800000 -9309.24
30900000 -9306.4
31000000 -9314.49
31100000 -9312.41
31200000 -9313.69
31300000 -9312
31400000 -9311.65
31500000 -9315.74
31600000 -9314.56
31700000 -9313.76
31800000 -9316.17
31900000 -9308.16
32000000 -9313.18
32100000 -9314.02
32200000 -9317.41
32300000 -9312.09
32400000 -9306.03
32500000 -9308.1
32600000 -9313.29
32700000 -9313.49
32800000 -9307.87
32900000 -9315.96
33000000 -9313.26
33100000 -9316.15
33200000 -9312.66
33300000 -9310.89
33400000 -9312.82
33500000 -9313.55
33600000 -9313.14
33700000 -9312.02
33800000 -9309.12
33900000 -9314.68
34000000 -9313.54
34100000 -9311.25
34200000 -9311.4
34300000 -9305.23
34400000 -9314.13
34500000 -9313.19
34600000 -9314.33
34700000 -9312.44
34800000 -9310.46
34900000 -9310.22
35000000 -9311.15
35100000 -9315.35
35200000 -9307.4
35300000 -9309.83
35400000 -9315.06
35500000 -9312.71
35600000 -9312.02
35700000 -9306.5
35800000 -9311.24
35900000 -9312.33
36000000 -9313.29
36100000 -9311.59
36200000 -9311.02
36300000 -9311.34
36400000 -9309.01
36500000 -9309.19
36600000 -9304.07
36700000 -9307.11
36800000 -9306.1
36900000 -9307.21
37000000 -9309.68
37100000 -9308.35
37200000 -9310.23
37300000 -9312.29
37400000 -9311.36
37500000 -9311.12
37600000 -9311.49
37700000 -9307.98
37800000 -9310.57
37900000 -9311.49
38000000 -9319.54
38100000 -9309.19
38200000 -9315.14
38300000 -9311.37
38400000 -9307.34
38500000 -9312.54
38600000 -9309.06
38700000 -9313.42
38800000 -9311.09
38900000 -9310.35
39000000 -9305.9
39100000 -9313.06
39200000 -9315.36
39300000 -9311.78
39400000 -9315.43
39500000 -9312.51
39600000 -9307.57
39700000 -9315.95
39800000 -9312.15
39900000 -9310.95
40000000 -9305.15
40100000 -9313.77
40200000 -9312.65
40300000 -9313.74
40400000 -9307.27
40500000 -9312.42
40600000 -9309.63
40700000 -9315.98
40800000 -9309.67
40900000 -9311.21
41000000 -9311.56
41100000 -9306.74
41200000 -9312.21
41300000 -9309.83
41400000 -9309.32
41500000 -9308.5
41600000 -9308.58
41700000 -9312.23
41800000 -9316.55
41900000 -9307.68
42000000 -9308.69
42100000 -9314.92
42200000 -9307.72
42300000 -9310.9
42400000 -9310.97
42500000 -9309.96
42600000 -9310.01
42700000 -9313.09
42800000 -9307.4
42900000 -9307.2
43000000 -9308.31
43100000 -9315.34
43200000 -9310.82
43300000 -9309.27
43400000 -9308.03
43500000 -9307.9
43600000 -9314.57
43700000 -9320.12
43800000 -9309.02
43900000 -9320.17
44000000 -9308.58
44100000 -9308.62
44200000 -9311
44300000 -9316.42
44400000 -9311.4
44500000 -9315.18
44600000 -9315.58
44700000 -9311.96
44800000 -9314.22
44900000 -9311.33
45000000 -9311.78
45100000 -9308.08
45200000 -9310.31
45300000 -9308.85
45400000 -9310.97
45500000 -9317.57
45600000 -9311.88
45700000 -9314.61
45800000 -9311.73
45900000 -9311.9
46000000 -9309.19
46100000 -9312.03
46200000 -9314.42
46300000 -9308.18
46400000 -9312
46500000 -9312.25
46600000 -9311.24
46700000 -9317.19
46800000 -9314.08
46900000 -9308.55
47000000 -9310.67
47100000 -9313.7
47200000 -9316.29
47300000 -9313.42
47400000 -9306.07
47500000 -9302.95
47600000 -9307.45
47700000 -9305.77
47800000 -9308.38
47900000 -9305.44
48000000 -9315.54
48100000 -9312.55
48200000 -9314.02
48300000 -9313.6
48400000 -9313.81
48500000 -9307.24
48600000 -9310.99
48700000 -9310.81
48800000 -9314.22
48900000 -9310.93
49000000 -9308.19
49100000 -9314.08
49200000 -9301.63
49300000 -9310.21
49400000 -9309.52
49500000 -9305.22
49600000 -9315.09
49700000 -9307.72
49800000 -9309.01
49900000 -9307.71
50000000 -9312.62
50100000 -9312.72
50200000 -9312.62
50300000 -9311.93
50400000 -9308.81
50500000 -9321.37
50600000 -9311.91
50700000 -9313.26
50800000 -9307.54
50900000 -9313.31
51000000 -9306.96
51100000 -9310.32
51200000 -9310.43
51300000 -9309.35
51400000 -9307.15
51500000 -9311.41
51600000 -9306.85
51700000 -9313
51800000 -9308.5
51900000 -9309.62
52000000 -9310.17
52100000 -9308.36
52200000 -9315.39
52300000 -9308.95
52400000 -9305.12
52500000 -9308.63
52600000 -9310.55
52700000 -9313.51
52800000 -9312.96
52900000 -9310.53
53000000 -9315.73
53100000 -9312.18
53200000 -9306.88
53300000 -9306.92
53400000 -9310.47
53500000 -9313.28
53600000 -9309.17
53700000 -9307.16
53800000 -9311.39
53900000 -9312.37
54000000 -9313
54100000 -9314.49
54200000 -9311.61
54300000 -9310.27
54400000 -9313.86
54500000 -9311.63
54600000 -9316.91
54700000 -9311.42
54800000 -9309.69
54900000 -9310.77
55000000 -9313.83
55100000 -9307.4
55200000 -9316.88
55300000 -9311.71
55400000 -9312.41
55500000 -9313.61
55600000 -9311.61
55700000 -9314.99
55800000 -9314.81
55900000 -9315.32
56000000 -9311.35
56100000 -9308.82
56200000 -9306.69
56300000 -9315.68
56400000 -9310.47
56500000 -9315.73
56600000 -9307.78
56700000 -9310.71
56800000 -9314.73
56900000 -9315.94
57000000 -9309.93
57100000 -9313.91
57200000 -9313.01
57300000 -9306.94
57400000 -9306.51
57500000 -9313.3
57600000 -9311.29
57700000 -9317.27
57800000 -9320.54
57900000 -9310.02
58000000 -9308.92
58100000 -9310.54
58200000 -9308.18
58300000 -9316.65
58400000 -9308.93
58500000 -9306.78
58600000 -9314.29
58700000 -9310.53
58800000 -9306.64
58900000 -9317.24
59000000 -9311.89
59100000 -9311.66
59200000 -9313.69
59300000 -9309.32
59400000 -9316.54
59500000 -9311.45
59600000 -9315.01
59700000 -9316.01
59800000 -9311.71
59900000 -9314.9
60000000 -9313.27
60100000 -9310.69
60200000 -9316.69
60300000 -9309.56
60400000 -9312.92
60500000 -9308.89
60600000 -9312.02
60700000 -9309.47
60800000 -9313.69
60900000 -9308.2
61000000 -9312.43
61100000 -9318.15
61200000 -9309.66
61300000 -9308.93
61400000 -9313.05
61500000 -9312.57
61600000 -9309.93
61700000 -9312.32
61800000 -9314.09
61900000 -9305.99
62000000 -9310.29
62100000 -9310.34
62200000 -9316.27
62300000 -9314.32
62400000 -9317.88
62500000 -9309.39
62600000 -9314.23
62700000 -9312.79
62800000 -9316.28
62900000 -9316.57
63000000 -9305.54
63100000 -9314.74
63200000 -9308.81
63300000 -9310.71
63400000 -9311.04
63500000 -9306.15
63600000 -9310.9
63700000 -9309.11
63800000 -9313.92
63900000 -9315.97
64000000 -9312.38
64100000 -9307.3
64200000 -9313.65
64300000 -9308.06
64400000 -9313.2
64500000 -9315.94
64600000 -9308.71
64700000 -9316.84
64800000 -9315.34
64900000 -9308.12
65000000 -9311.59
65100000 -9305.1
65200000 -9315.43
65300000 -9315.08
65400000 -9310.52
65500000 -9309.98
65600000 -9312.62
65700000 -9308.98
65800000 -9310.67
65900000 -9306.87
66000000 -9317.98
66100000 -9310.53
66200000 -9315.8
66300000 -9316.54
66400000 -9315.87
66500000 -9319.77
66600000 -9308.26
66700000 -9312.54
66800000 -9313.14
66900000 -9314.08
67000000 -9309.81
67100000 -9310.73
67200000 -9311.27
67300000 -9313.97
67400000 -9307.74
67500000 -9303.38
67600000 -9308.54
67700000 -9310.88
67800000 -9308.96
67900000 -9306.84
68000000 -9312.29
68100000 -9309.53
68200000 -9315.15
68300000 -9310.43
68400000 -9312.02
68500000 -9309.08
68600000 -9313.64
68700000 -9303.8
68800000 -9311.05
68900000 -9308.57
69000000 -9314.71
69100000 -9307.6
69200000 -9311.99
69300000 -9307.45
69400000 -9316.87
69500000 -9306.04
69600000 -9311.52
69700000 -9308.54
69800000 -9312.69
69900000 -9309.79
70000000 -9314.27
70100000 -9314.86
70200000 -9313.6
70300000 -9314.45
70400000 -9310.55
70500000 -9306.73
70600000 -9309.47
70700000 -9314.35
70800000 -9310.34
70900000 -9310.03
71000000 -9305.27
71100000 -9314.14
71200000 -9309.15
71300000 -9311.88
71400000 -9311.26
71500000 -9306.08
71600000 -9306.01
71700000 -9309.22
71800000 -9308.13
71900000 -9317.42
72000000 -9314.64
72100000 -9315.88
72200000 -9312.42
72300000 -9310.85
72400000 -9311.8
72500000 -9312.52
72600000 -9311.21
72700000 -9312.34
72800000 -9306.38
72900000 -9311.67
73000000 -9309.81
73100000 -9310.32
73200000 -9310.74
73300000 -9310.88
73400000 -9309.53
73500000 -9302.72
73600000 -9310.16
73700000 -9308.43
73800000 -9315.52
73900000 -9311.03
74000000 -9312.15
74100000 -9309.36
74200000 -9317.2
74300000 -9311.55
74400000 -9312.3
74500000 -9313.14
74600000 -9313.18
74700000 -9306.93
74800000 -9312.5
74900000 -9311.36
75000000 -9310.22
75100000 -9310.87
75200000 -9310.48
75300000 -9309.72
75400000 -9315.99
75500000 -9312.26
75600000 -9311.97
75700000 -9312.73
75800000 -9307.58
75900000 -9316.8
76000000 -9309.57
76100000 -9313.17
76200000 -9306.73
76300000 -9312.04
76400000 -9310.26
76500000 -9306.99
76600000 -9308.69
76700000 -9311.2
76800000 -9308.19
76900000 -9317.45
77000000 -9310.66
77100000 -9314.57
77200000 -9310.1
77300000 -9309.65
77400000 -9310.06
77500000 -9313.64
77600000 -9303.91
77700000 -9315.01
77800000 -9308.26
77900000 -9311.4
78000000 -9307.04
78100000 -9313.53
78200000 -9312.72
78300000 -9313.8
78400000 -9310.83
78500000 -9316.06
78600000 -9308.96
78700000 -9313.88
78800000 -9312.82
78900000 -9313.86
79000000 -9316.13
79100000 -9312.14
79200000 -9317.79
79300000 -9309.76
79400000 -9301.6
79500000 -9311.9
79600000 -9309.95
79700000 -9316.14
79800000 -9312.47
79900000 -9310.84
80000000 -9316.53
80100000 -9308.23
80200000 -9317.32
80300000 -9311.22
80400000 -9311.37
80500000 -9309.57
80600000 -9311.51
80700000 -9313.6
80800000 -9312.44
80900000 -9308.78
81000000 -9305.28
81100000 -9316.57
81200000 -9311.19
81300000 -9313.03
81400000 -9308.58
81500000 -9314.41
81600000 -9310.13
81700000 -9306.01
81800000 -9306.92
81900000 -9311.01
82000000 -9306.61
82100000 -9313.43
82200000 -9317
82300000 -9308.27
82400000 -9314.52
82500000 -9307.72
82600000 -9307.13
82700000 -9307.05
82800000 -9305.75
82900000 -9308.04
83000000 -9308.23
83100000 -9313.38
83200000 -9311.48
83300000 -9309.21
83400000 -9309.69
83500000 -9319.09
83600000 -9314.68
83700000 -9302.83
83800000 -9307.57
83900000 -9312.73
84000000 -9312.92
84100000 -9317.37
84200000 -9312
84300000 -9313.93
84400000 -9311.21
84500000 -9316.42
84600000 -9307.6
84700000 -9311.28
84800000 -9315.54
84900000 -9309.05
85000000 -9312.01
85100000 -9312.84
85200000 -9312.53
85300000 -9314.11
85400000 -9310.13
85500000 -9312.64
85600000 -9312.06
85700000 -9309.23
85800000 -9305.45
85900000 -9306.78
86000000 -9310.85
86100000 -9312.8
86200000 -9309.85
86300000 -9307.79
86400000 -9315.83
86500000 -9308.85
86600000 -9308.6
86700000 -9314.09
86800000 -9311.3
86900000 -9311.2
87000000 -9310.61
87100000 -9311.89
87200000 -9306.95
87300000 -9313.25
87400000 -9313.68
87500000 -9308.63
87600000 -9308.84
87700000 -9310.04
87800000 -9312.64
87900000 -9307.67
88000000 -9307.7
88100000 -9317.47
88200000 -9312.01
88300000 -9311.17
88400000 -9311.97
88500000 -9308.57
88600000 -9308.9
88700000 -9310.51
88800000 -9308.87
88900000 -9306.17
89000000 -9306.47
89100000 -9308.71
89200000 -9313.28
89300000 -9308.76
89400000 -9308.22
89500000 -9313.71
89600000 -9309.12
89700000 -9311.79
89800000 -9310.78
89900000 -9310.37
90000000 -9314.3
90100000 -9312.65
90200000 -9308.15
90300000 -9313.3
90400000 -9309.92
90500000 -9311.11
90600000 -9314.33
90700000 -9311.42
90800000 -9309.74
90900000 -9311.49
91000000 -9312.04
91100000 -9314.8
91200000 -9310.03
91300000 -9311.38
91400000 -9311.93
91500000 -9313.67
91600000 -9312.58
91700000 -9308.77
91800000 -9315.11
91900000 -9308.97
92000000 -9309.36
92100000 -9316.26
92200000 -9308.57
92300000 -9313.37
92400000 -9308.74
92500000 -9309.76
92600000 -9311.22
92700000 -9314.3
92800000 -9310.89
92900000 -9308.91
93000000 -9310.42
93100000 -9316.49
93200000 -9310.78
93300000 -9313.08
93400000 -9311.66
93500000 -9310.23
93600000 -9314.01
93700000 -9308.97
93800000 -9312.74
93900000 -9309.83
94000000 -9305.03
94100000 -9313.79
94200000 -9317.46
94300000 -9310.21
94400000 -9311.67
94500000 -9307.34
94600000 -9309.62
94700000 -9311.41
94800000 -9316.66
94900000 -9310.64
95000000 -9305.86
95100000 -9307.8
95200000 -9301.5
95300000 -9307.89
95400000 -9311.8
95500000 -9312.7
95600000 -9311.48
95700000 -9309.93
95800000 -9306.94
95900000 -9306.51
96000000 -9308.91
96100000 -9315.82
96200000 -9313.27
96300000 -9309.03
96400000 -9306.49
96500000 -9308.92
96600000 -9311.15
96700000 -9308.96
96800000 -9313.53
96900000 -9312.17
97000000 -9304.6
97100000 -9307.86
97200000 -9319.14
97300000 -9308.93
97400000 -9310.51
97500000 -9311.59
97600000 -9310.83
97700000 -9313.48
97800000 -9312.96
97900000 -9313.25
98000000 -9312.39
98100000 -9315.62
98200000 -9311.6
98300000 -9311.95
98400000 -9315.8
98500000 -9311.42
98600000 -9316.24
98700000 -9311.63
98800000 -9310.7
98900000 -9316.4
99000000 -9311.29
99100000 -9315.79
99200000 -9309.8
99300000 -9309.73
99400000 -9313.5
99500000 -9311.85
99600000 -9310.5
99700000 -9310.17
99800000 -9310.65
99900000 -9313.51
100000000 -9308.73
