#NOTE: MSDs should be divided by the temperature.
#NOTE: MSDs have been divided by 2 or 10 (i.e., the viscosity computed from all components).
#Time	MSD_xx	MSD_yy	MSD_zz	MSD_xy	MSD_xz	MSD_yz	MSD_off	MSD_all	MSD_bulkvisc
 20 5.57896e+09 5.58125e+09 5.57615e+09 5.57631e+09 5.56953e+09 5.57592e+09 5.57392e+09 5.57586e+09 6.94279e+09
 40 1.78274e+10 1.78344e+10 1.78187e+10 1.78197e+10 1.77923e+10 1.78163e+10 1.78094e+10 1.78164e+10 2.55585e+10
 60 3.21348e+10 3.21474e+10 3.21252e+10 3.21217e+10 3.20633e+10 3.21159e+10 3.21003e+10 3.21145e+10 5.31323e+10
 80 4.65352e+10 4.65567e+10 4.65369e+10 4.65203e+10 4.64246e+10 4.65122e+10 4.64857e+10 4.65086e+10 8.77258e+10
 100 6.0837e+10 6.0871e+10 6.08624e+10 6.08273e+10 6.06868e+10 6.08104e+10 6.07748e+10 6.08076e+10 1.2774e+11
 120 7.60158e+10 7.60639e+10 7.60736e+10 7.60165e+10 7.58237e+10 7.59837e+10 7.59413e+10 7.59852e+10 1.72011e+11
 140 9.31191e+10 9.31796e+10 9.3213e+10 9.31297e+10 9.28775e+10 9.30722e+10 9.30265e+10 9.30841e+10 2.19806e+11
 160 1.12457e+11 1.12527e+11 1.1259e+11 1.12473e+11 1.12156e+11 1.12387e+11 1.12339e+11 1.12413e+11 2.70554e+11
 180 1.3365e+11 1.33727e+11 1.33824e+11 1.33665e+11 1.33275e+11 1.33549e+11 1.33497e+11 1.33591e+11 3.23776e+11
 200 1.56151e+11 1.56236e+11 1.56371e+11 1.56157e+11 1.55687e+11 1.56011e+11 1.55952e+11 1.56072e+11 3.79087e+11
 220 1.79657e+11 1.79747e+11 1.79929e+11 1.79645e+11 1.79091e+11 1.7947e+11 1.79402e+11 1.79552e+11 4.36222e+11
 240 2.04148e+11 2.04238e+11 2.04479e+11 2.04111e+11 2.03472e+11 2.03907e+11 2.0383e+11 2.04013e+11 4.95027e+11
 260 2.29707e+11 2.29789e+11 2.30105e+11 2.29642e+11 2.28914e+11 2.29404e+11 2.2932e+11 2.29539e+11 5.55431e+11
 280 2.56343e+11 2.5641e+11 2.56818e+11 2.56252e+11 2.55432e+11 2.55971e+11 2.55885e+11 2.5614e+11 6.17405e+11
 300 2.83958e+11 2.84004e+11 2.84521e+11 2.83843e+11 2.82929e+11 2.8351e+11 2.83427e+11 2.83721e+11 6.80936e+11
 320 3.12423e+11 3.1245e+11 3.13089e+11 3.1229e+11 3.11279e+11 3.11897e+11 3.11822e+11 3.12155e+11 7.46028e+11
 340 3.41666e+11 3.41676e+11 3.42446e+11 3.41519e+11 3.40404e+11 3.4106e+11 3.40995e+11 3.41368e+11 8.12696e+11
 360 3.71678e+11 3.71666e+11 3.72578e+11 3.71512e+11 3.7029e+11 3.70989e+11 3.70931e+11 3.71348e+11 8.80965e+11
 380 4.02469e+11 4.02424e+11 4.03484e+11 4.02279e+11 4.00941e+11 4.01691e+11 4.01637e+11 4.02099e+11 9.50861e+11
 400 4.34026e+11 4.33939e+11 4.35152e+11 4.33814e+11 4.32347e+11 4.33154e+11 4.33105e+11 4.33612e+11 1.0224e+12
 400 4.34003e+11 4.33841e+11 4.35253e+11 4.33799e+11 4.32374e+11 4.3338e+11 4.33184e+11 4.33657e+11 1.02224e+12
 800 1.19123e+12 1.18985e+12 1.1956e+12 1.19033e+12 1.18433e+12 1.18687e+12 1.18718e+12 1.1892e+12 2.76393e+12
 1200 2.11038e+12 2.10879e+12 2.11895e+12 2.1072e+12 2.09446e+12 2.09976e+12 2.10048e+12 2.10537e+12 4.88415e+12
 1600 3.12188e+12 3.12118e+12 3.1353e+12 3.11433e+12 3.09415e+12 3.10329e+12 3.10392e+12 3.1128e+12 7.23325e+12
 2000 4.18829e+12 4.1898e+12 4.21065e+12 4.17646e+12 4.14679e+12 4.16281e+12 4.16202e+12 4.17571e+12 9.72438e+12
 2400 5.29184e+12 5.29518e+12 5.32444e+12 5.2752e+12 5.23302e+12 5.25839e+12 5.25554e+12 5.27485e+12 1.23156e+13
 2800 6.4217e+12 6.42698e+12 6.46432e+12 6.39964e+12 6.34127e+12 6.37864e+12 6.37318e+12 6.39898e+12 1.49739e+13
 3200 7.57026e+12 7.57826e+12 7.62292e+12 7.54181e+12 7.46397e+12 7.51589e+12 7.50722e+12 7.54053e+12 1.7681e+13
 3600 8.73158e+12 8.74248e+12 8.79336e+12 8.69789e+12 8.59546e+12 8.66587e+12 8.65307e+12 8.69417e+12 2.04246e+13
 4000 9.90119e+12 9.91614e+12 9.97147e+12 9.86252e+12 9.73312e+12 9.82725e+12 9.80763e+12 9.85642e+12 2.3195e+13
 4400 1.10769e+13 1.10983e+13 1.11562e+13 1.1034e+13 1.08759e+13 1.09956e+13 1.09685e+13 1.10253e+13 2.59826e+13
 4800 1.22555e+13 1.22861e+13 1.23459e+13 1.22085e+13 1.20212e+13 1.21671e+13 1.21322e+13 1.21977e+13 2.87851e+13
 5200 1.34361e+13 1.34766e+13 1.35388e+13 1.33835e+13 1.31685e+13 1.33403e+13 1.32974e+13 1.3372e+13 3.15996e+13
 5600 1.46178e+13 1.46696e+13 1.47324e+13 1.4559e+13 1.4318e+13 1.45138e+13 1.44636e+13 1.45475e+13 3.44259e+13
 6000 1.57983e+13 1.5865e+13 1.59268e+13 1.57351e+13 1.54702e+13 1.56861e+13 1.56305e+13 1.57236e+13 3.72567e+13
 6400 1.69781e+13 1.70625e+13 1.71217e+13 1.6913e+13 1.66258e+13 1.68581e+13 1.6799e+13 1.6901e+13 4.00925e+13
 6800 1.81589e+13 1.82614e+13 1.83178e+13 1.80927e+13 1.77859e+13 1.80289e+13 1.79692e+13 1.80799e+13 4.2932e+13
 7200 1.934e+13 1.94602e+13 1.95135e+13 1.92743e+13 1.89505e+13 1.91998e+13 1.91416e+13 1.92601e+13 4.57767e+13
 7600 2.05219e+13 2.06597e+13 2.07092e+13 2.04575e+13 2.01181e+13 2.03708e+13 2.03155e+13 2.04414e+13 4.86218e+13
 8000 2.17035e+13 2.18584e+13 2.19041e+13 2.16435e+13 2.12876e+13 2.15425e+13 2.14912e+13 2.16235e+13 5.14685e+13
 8000 2.17044e+13 2.1839e+13 2.1839e+13 2.17002e+13 2.12713e+13 2.16434e+13 2.15383e+13 2.16406e+13 5.13523e+13
 16000 4.52288e+13 4.60157e+13 4.54411e+13 4.56293e+13 4.47183e+13 4.50938e+13 4.51471e+13 4.5313e+13 1.08567e+14
 24000 6.86619e+13 6.98952e+13 6.82289e+13 6.93139e+13 6.79687e+13 6.83401e+13 6.85409e+13 6.8696e+13 1.66459e+14
 32000 9.24608e+13 9.40347e+13 9.08585e+13 9.30533e+13 9.11867e+13 9.1532e+13 9.1924e+13 9.21349e+13 2.24824e+14
 40000 1.15738e+14 1.1873e+14 1.13164e+14 1.16508e+14 1.14523e+14 1.1447e+14 1.15167e+14 1.15451e+14 2.8214e+14
 48000 1.3907e+14 1.43782e+14 1.35564e+14 1.39884e+14 1.37644e+14 1.37851e+14 1.3846e+14 1.38865e+14 3.40061e+14
 56000 1.62193e+14 1.68849e+14 1.58208e+14 1.63018e+14 1.60248e+14 1.60857e+14 1.61374e+14 1.62058e+14 3.98033e+14
 64000 1.85758e+14 1.94238e+14 1.81188e+14 1.86315e+14 1.82587e+14 1.83857e+14 1.84253e+14 1.85376e+14 4.55929e+14
 72000 2.09688e+14 2.20156e+14 2.04318e+14 2.10051e+14 2.04719e+14 2.07288e+14 2.07353e+14 2.08967e+14 5.13291e+14
 80000 2.33572e+14 2.46375e+14 2.27261e+14 2.34108e+14 2.2642e+14 2.31149e+14 2.30559e+14 2.3263e+14 5.70298e+14
 88000 2.57502e+14 2.72805e+14 2.502e+14 2.58072e+14 2.48217e+14 2.55077e+14 2.53789e+14 2.56341e+14 6.28524e+14
 96000 2.80962e+14 2.99222e+14 2.73024e+14 2.82688e+14 2.6999e+14 2.78921e+14 2.772e+14 2.80081e+14 6.86618e+14
 104000 3.04733e+14 3.2552e+14 2.95753e+14 3.0707e+14 2.91343e+14 3.02356e+14 3.00256e+14 3.03621e+14 7.45037e+14
 112000 3.28718e+14 3.51343e+14 3.1826e+14 3.31407e+14 3.12801e+14 3.25515e+14 3.23241e+14 3.27054e+14 8.03267e+14
 120000 3.5282e+14 3.76852e+14 3.41136e+14 3.55982e+14 3.33781e+14 3.483e+14 3.46021e+14 3.50387e+14 8.60697e+14
 128000 3.76818e+14 4.02156e+14 3.63607e+14 3.8093e+14 3.54598e+14 3.70897e+14 3.68808e+14 3.73629e+14 9.18856e+14
 136000 4.00377e+14 4.27093e+14 3.85547e+14 4.05709e+14 3.75861e+14 3.93482e+14 3.91684e+14 3.96746e+14 9.76478e+14
 144000 4.23907e+14 4.51962e+14 4.07292e+14 4.29994e+14 3.97485e+14 4.15547e+14 4.14342e+14 4.19693e+14 1.0345e+15
 152000 4.4668e+14 4.76345e+14 4.28966e+14 4.5436e+14 4.19184e+14 4.37359e+14 4.36968e+14 4.42446e+14 1.0929e+15
 160000 4.69194e+14 5.01033e+14 4.5088e+14 4.78569e+14 4.40354e+14 4.59483e+14 4.59468e+14 4.65162e+14 1.15104e+15
 160000 4.42241e+14 4.93069e+14 4.31672e+14 4.80868e+14 4.39793e+14 4.58384e+14 4.59681e+14 4.58073e+14 1.11237e+15
 320000 8.54319e+14 9.70316e+14 8.59732e+14 9.77811e+14 8.63544e+14 9.02881e+14 9.14746e+14 9.06763e+14 2.20255e+15
 480000 1.24713e+15 1.45993e+15 1.2681e+15 1.4183e+15 1.31373e+15 1.36192e+15 1.36465e+15 1.34881e+15 3.42035e+15
 640000 1.66235e+15 1.99587e+15 1.6487e+15 1.89258e+15 1.77009e+15 1.83967e+15 1.83411e+15 1.80806e+15 4.52522e+15
 800000 2.04535e+15 2.51042e+15 2.04141e+15 2.38991e+15 2.19302e+15 2.33019e+15 2.30437e+15 2.26225e+15 5.63123e+15
 960000 2.40922e+15 3.00986e+15 2.44962e+15 2.89978e+15 2.59035e+15 2.82139e+15 2.77051e+15 2.71147e+15 6.72407e+15
 1.12e+06 2.77293e+15 3.47422e+15 2.8596e+15 3.44219e+15 2.95601e+15 3.29391e+15 3.2307e+15 3.15265e+15 7.80562e+15
 1.28e+06 3.1163e+15 3.968e+15 3.2857e+15 3.99342e+15 3.28533e+15 3.77365e+15 3.68413e+15 3.59315e+15 8.77699e+15
 1.44e+06 3.40715e+15 4.43938e+15 3.69477e+15 4.57638e+15 3.58822e+15 4.27217e+15 4.14559e+15 4.02619e+15 9.79058e+15
 1.6e+06 3.72673e+15 4.93623e+15 4.12445e+15 5.15329e+15 3.89235e+15 4.78708e+15 4.61091e+15 4.47153e+15 1.07876e+16
 1.76e+06 4.02285e+15 5.45293e+15 4.58385e+15 5.68259e+15 4.2398e+15 5.36512e+15 5.09584e+15 4.93212e+15 1.17871e+16
 1.92e+06 4.34123e+15 5.99206e+15 5.02803e+15 6.21122e+15 4.60577e+15 5.94173e+15 5.58624e+15 5.39992e+15 1.27872e+16
 2.08e+06 4.65767e+15 6.55578e+15 5.4658e+15 6.75295e+15 4.94093e+15 6.51323e+15 6.06904e+15 5.86532e+15 1.37858e+16
 2.24e+06 4.9947e+15 7.12018e+15 5.90607e+15 7.32633e+15 5.28156e+15 7.08086e+15 6.56292e+15 6.34054e+15 1.47803e+16
 2.4e+06 5.32412e+15 7.6602e+15 6.33819e+15 7.91273e+15 5.62904e+15 7.68439e+15 7.07539e+15 6.82157e+15 1.57251e+16
 2.56e+06 5.64298e+15 8.15946e+15 6.77925e+15 8.52676e+15 5.95748e+15 8.30416e+15 7.59613e+15 7.3019e+15 1.67015e+16
 2.72e+06 5.94054e+15 8.62624e+15 7.23774e+15 9.11251e+15 6.29735e+15 8.91339e+15 8.10775e+15 7.77192e+15 1.76449e+16
 2.88e+06 6.27105e+15 9.10177e+15 7.66475e+15 9.71284e+15 6.6247e+15 9.52855e+15 8.62203e+15 8.24489e+15 1.86648e+16
 3.04e+06 6.6097e+15 9.56959e+15 8.08453e+15 1.03311e+16 6.95348e+15 1.02257e+16 9.17006e+15 8.73721e+15 1.96599e+16
 3.2e+06 6.94036e+15 1.00565e+16 8.46838e+15 1.09124e+16 7.29002e+15 1.09337e+16 9.71204e+15 9.22259e+15 2.06541e+16
 3.2e+06 6.74339e+15 1.0085e+16 7.60581e+15 1.15456e+16 7.9101e+15 9.38616e+15 9.61394e+15 9.02625e+15 1.84735e+16
 6.4e+06 1.31086e+16 2.13254e+16 1.56557e+16 2.66072e+16 1.53616e+16 2.19933e+16 2.13207e+16 1.9471e+16 4.12266e+16
 9.6e+06 2.16605e+16 3.14371e+16 2.23351e+16 3.91983e+16 2.45697e+16 3.48901e+16 3.2886e+16 2.97893e+16 6.26597e+16
 1.28e+07 3.44327e+16 4.0502e+16 2.73356e+16 5.32787e+16 3.36024e+16 4.81472e+16 4.50094e+16 4.06417e+16 8.56674e+16
 1.6e+07 4.68651e+16 5.22336e+16 3.52227e+16 6.50193e+16 4.51317e+16 5.72269e+16 5.57926e+16 5.13851e+16 1.07028e+17
 1.92e+07 6.46002e+16 6.36863e+16 4.32739e+16 7.06752e+16 5.47771e+16 6.70296e+16 6.41606e+16 6.13711e+16 1.32646e+17
 2.24e+07 8.48426e+16 7.39956e+16 4.93853e+16 7.24114e+16 6.55513e+16 7.30041e+16 7.03223e+16 6.99565e+16 1.52334e+17
 2.56e+07 1.04722e+17 8.90143e+16 5.86231e+16 7.42798e+16 7.79345e+16 7.82662e+16 7.68268e+16 7.9744e+16 1.69297e+17
 2.88e+07 1.28957e+17 1.08369e+17 7.22793e+16 7.77825e+16 8.91881e+16 8.46879e+16 8.38861e+16 9.16124e+16 1.80559e+17
 3.2e+07 1.534e+17 1.29043e+17 8.71772e+16 7.82058e+16 9.71886e+16 9.06003e+16 8.86649e+16 1.02482e+17 1.989e+17
 3.52e+07 1.82125e+17 1.49057e+17 1.03319e+17 7.53978e+16 1.0755e+17 9.8923e+16 9.39569e+16 1.14308e+17 2.26002e+17
 3.84e+07 2.13635e+17 1.74492e+17 1.19118e+17 7.36953e+16 1.18397e+17 1.06298e+17 9.94633e+16 1.27311e+17 2.51628e+17
 4.16e+07 2.45953e+17 1.99103e+17 1.36122e+17 7.40316e+16 1.22788e+17 1.11427e+17 1.02749e+17 1.3914e+17 2.80784e+17
 4.48e+07 2.81025e+17 2.24218e+17 1.4887e+17 7.30187e+16 1.28161e+17 1.16124e+17 1.05768e+17 1.50676e+17 3.14862e+17
 4.8e+07 3.18736e+17 2.51685e+17 1.61839e+17 7.45287e+16 1.30032e+17 1.17416e+17 1.07325e+17 1.6203e+17 3.50149e+17
 5.12e+07 3.57804e+17 2.83573e+17 1.76332e+17 8.53574e+16 1.30361e+17 1.18811e+17 1.1151e+17 1.75934e+17 3.85858e+17
 5.44e+07 4.02827e+17 3.16877e+17 1.93181e+17 1.00601e+17 1.32016e+17 1.20466e+17 1.17694e+17 1.92334e+17 4.13722e+17
 5.76e+07 4.49818e+17 3.49531e+17 2.08774e+17 1.12385e+17 1.39596e+17 1.2111e+17 1.24364e+17 2.09035e+17 4.36799e+17
 6.08e+07 4.96621e+17 3.84005e+17 2.26041e+17 1.23041e+17 1.49108e+17 1.26622e+17 1.32924e+17 2.2731e+17 4.51288e+17
 6.4e+07 5.4561e+17 4.23168e+17 2.41563e+17 1.32546e+17 1.55905e+17 1.31869e+17 1.40107e+17 2.45443e+17 4.68017e+17
 6.4e+07 4.09241e+17 3.4197e+17 2.00724e+17 2.78881e+15 9.88305e+16 1.23051e+17 7.48901e+16 1.71859e+17 6.04071e+17
 1.28e+08 1.19681e+18 1.35741e+18 3.25244e+17 9.68054e+15 1.00089e+17 4.75538e+17 1.95103e+17 5.0099e+17 7.44476e+17
 1.92e+08 1.26424e+18 1.83049e+18 5.22439e+16 1.32524e+16 2.08503e+16 1.02153e+18 3.51879e+17 6.30724e+17 5.28749e+16
