#NOTE: MSDs should be divided by the temperature.
#NOTE: MSDs have been divided by 2 or 10 (i.e., the viscosity computed from all components).
#Time	MSD_xx	MSD_yy	MSD_zz	MSD_xy	MSD_xz	MSD_yz	MSD_off	MSD_all	MSD_bulkvisc
 20 5.57983e+09 5.57626e+09 5.59026e+09 5.59211e+09 5.61654e+09 5.61e+09 5.60622e+09 5.59658e+09 6.94329e+09
 40 1.78302e+10 1.7815e+10 1.78546e+10 1.78752e+10 1.7967e+10 1.79515e+10 1.79312e+10 1.7892e+10 2.55558e+10
 60 3.21438e+10 3.21105e+10 3.21539e+10 3.22383e+10 3.24312e+10 3.24007e+10 3.23567e+10 3.22685e+10 5.31251e+10
 80 4.65532e+10 4.64996e+10 4.65136e+10 4.67172e+10 4.70405e+10 4.69733e+10 4.69103e+10 4.67551e+10 8.772e+10
 100 6.08652e+10 6.07989e+10 6.07498e+10 6.11261e+10 6.16044e+10 6.14677e+10 6.13994e+10 6.11615e+10 1.27736e+11
 120 7.60383e+10 7.5986e+10 7.58431e+10 7.64332e+10 7.71065e+10 7.68674e+10 7.68024e+10 7.64638e+10 1.72009e+11
 140 9.3105e+10 9.30933e+10 9.28456e+10 9.36682e+10 9.45921e+10 9.42242e+10 9.41615e+10 9.37028e+10 2.19806e+11
 160 1.12381e+11 1.1242e+11 1.12071e+11 1.13128e+11 1.14369e+11 1.13852e+11 1.13783e+11 1.13186e+11 2.70564e+11
 180 1.33499e+11 1.33579e+11 1.33132e+11 1.34426e+11 1.36037e+11 1.35368e+11 1.35277e+11 1.34528e+11 3.23809e+11
 200 1.55914e+11 1.56018e+11 1.55482e+11 1.57023e+11 1.59044e+11 1.5822e+11 1.58096e+11 1.57179e+11 3.79163e+11
 220 1.79319e+11 1.79433e+11 1.78815e+11 1.80629e+11 1.83091e+11 1.821e+11 1.8194e+11 1.80839e+11 4.36373e+11
 240 2.03696e+11 2.03817e+11 2.03127e+11 2.05236e+11 2.08171e+11 2.06982e+11 2.06796e+11 2.05496e+11 4.95298e+11
 260 2.29126e+11 2.29257e+11 2.28516e+11 2.30933e+11 2.3437e+11 2.32949e+11 2.32751e+11 2.31237e+11 5.55873e+11
 280 2.55615e+11 2.55756e+11 2.54984e+11 2.57724e+11 2.61698e+11 2.60016e+11 2.59813e+11 2.58068e+11 6.18074e+11
 300 2.83069e+11 2.83212e+11 2.82415e+11 2.85509e+11 2.90045e+11 2.881e+11 2.87885e+11 2.8589e+11 6.81889e+11
 320 3.11365e+11 3.11505e+11 3.10683e+11 3.14161e+11 3.19283e+11 3.17086e+11 3.16843e+11 3.1458e+11 7.47313e+11
 340 3.40422e+11 3.40582e+11 3.39712e+11 3.43593e+11 3.49344e+11 3.46893e+11 3.4661e+11 3.44062e+11 8.14353e+11
 360 3.70217e+11 3.70438e+11 3.69497e+11 3.73791e+11 3.8022e+11 3.77508e+11 3.77173e+11 3.74324e+11 8.83029e+11
 380 4.00765e+11 4.01072e+11 4.00052e+11 4.04755e+11 4.11918e+11 4.08933e+11 4.08535e+11 4.05373e+11 9.53362e+11
 400 4.32078e+11 4.32452e+11 4.31371e+11 4.3647e+11 4.4443e+11 4.41147e+11 4.40682e+11 4.37196e+11 1.02537e+12
 400 4.31432e+11 4.31168e+11 4.30827e+11 4.3637e+11 4.44286e+11 4.40251e+11 4.40302e+11 4.36638e+11 1.029e+12
 800 1.18552e+12 1.18097e+12 1.18274e+12 1.1955e+12 1.22791e+12 1.21577e+12 1.21306e+12 1.20107e+12 2.78996e+12
 1200 2.0993e+12 2.09195e+12 2.09578e+12 2.11635e+12 2.18224e+12 2.16456e+12 2.15438e+12 2.1309e+12 4.94051e+12
 1600 3.10328e+12 3.09281e+12 3.10116e+12 3.13275e+12 3.23366e+12 3.20975e+12 3.19205e+12 3.15487e+12 7.32761e+12
 2000 4.16524e+12 4.14823e+12 4.16795e+12 4.20824e+12 4.34418e+12 4.31552e+12 4.28931e+12 4.23778e+12 9.87083e+12
 2400 5.26372e+12 5.23997e+12 5.27688e+12 5.32118e+12 5.49719e+12 5.45615e+12 5.42484e+12 5.35898e+12 1.25211e+13
 2800 6.38457e+12 6.35733e+12 6.41119e+12 6.46277e+12 6.6828e+12 6.62151e+12 6.58903e+12 6.50716e+12 1.52439e+13
 3200 7.52009e+12 7.49161e+12 7.55882e+12 7.6293e+12 7.89223e+12 7.80293e+12 7.77482e+12 7.67429e+12 1.80256e+13
 3600 8.67085e+12 8.64001e+12 8.72033e+12 8.81357e+12 9.1224e+12 8.99444e+12 8.9768e+12 8.85691e+12 2.08566e+13
 4000 9.83362e+12 9.80222e+12 9.89328e+12 1.0009e+13 1.03666e+13 1.01851e+13 1.01869e+13 1.00494e+13 2.37172e+13
 4400 1.10011e+13 1.09756e+13 1.10742e+13 1.12145e+13 1.1627e+13 1.13749e+13 1.14055e+13 1.12501e+13 2.66041e+13
 4800 1.21737e+13 1.21553e+13 1.22609e+13 1.24257e+13 1.29e+13 1.25572e+13 1.26276e+13 1.24552e+13 2.95079e+13
 5200 1.33509e+13 1.33391e+13 1.34507e+13 1.36368e+13 1.41872e+13 1.3738e+13 1.3854e+13 1.36645e+13 3.24281e+13
 5600 1.45322e+13 1.45239e+13 1.46395e+13 1.48452e+13 1.54908e+13 1.4916e+13 1.5084e+13 1.48765e+13 3.53526e+13
 6000 1.57148e+13 1.57086e+13 1.58245e+13 1.60531e+13 1.68066e+13 1.60933e+13 1.63176e+13 1.60903e+13 3.82824e+13
 6400 1.68944e+13 1.68921e+13 1.70055e+13 1.72609e+13 1.8135e+13 1.72687e+13 1.75549e+13 1.73052e+13 4.12254e+13
 6800 1.80675e+13 1.80692e+13 1.81818e+13 1.84673e+13 1.94719e+13 1.8444e+13 1.87944e+13 1.85191e+13 4.41823e+13
 7200 1.92412e+13 1.92403e+13 1.93552e+13 1.96736e+13 2.08145e+13 1.96179e+13 2.00353e+13 1.97328e+13 4.71466e+13
 7600 2.04198e+13 2.04049e+13 2.05288e+13 2.08817e+13 2.21617e+13 2.07879e+13 2.12771e+13 2.09467e+13 5.01161e+13
 8000 2.1603e+13 2.15643e+13 2.17023e+13 2.20876e+13 2.35148e+13 2.19517e+13 2.2518e+13 2.21601e+13 5.3088e+13
 8000 2.14701e+13 2.11072e+13 2.16049e+13 2.20024e+13 2.34103e+13 2.14415e+13 2.22847e+13 2.19285e+13 5.22291e+13
 16000 4.52822e+13 4.48277e+13 4.58448e+13 4.68369e+13 5.12415e+13 4.48471e+13 4.76418e+13 4.67124e+13 1.13491e+14
 24000 6.94864e+13 6.83039e+13 6.99396e+13 7.10596e+13 7.82034e+13 6.81946e+13 7.24859e+13 7.11889e+13 1.73636e+14
 32000 9.33476e+13 9.29044e+13 9.42927e+13 9.6737e+13 1.05332e+14 9.06408e+13 9.75701e+13 9.5948e+13 2.28424e+14
 40000 1.18216e+14 1.18164e+14 1.18755e+14 1.22812e+14 1.3333e+14 1.13104e+14 1.23082e+14 1.21201e+14 2.82865e+14
 48000 1.43312e+14 1.43066e+14 1.44287e+14 1.49264e+14 1.61573e+14 1.34034e+14 1.4829e+14 1.46396e+14 3.3792e+14
 56000 1.68016e+14 1.67839e+14 1.70565e+14 1.7608e+14 1.90506e+14 1.54095e+14 1.7356e+14 1.71659e+14 3.93502e+14
 64000 1.92469e+14 1.92938e+14 1.95965e+14 2.00527e+14 2.19637e+14 1.73766e+14 1.97977e+14 1.96302e+14 4.48979e+14
 72000 2.16418e+14 2.17713e+14 2.21449e+14 2.24219e+14 2.48212e+14 1.93932e+14 2.22121e+14 2.20684e+14 5.01549e+14
 80000 2.40416e+14 2.41995e+14 2.47659e+14 2.47547e+14 2.75584e+14 2.13324e+14 2.45485e+14 2.44634e+14 5.548e+14
 88000 2.6441e+14 2.66175e+14 2.73519e+14 2.70153e+14 3.03024e+14 2.33245e+14 2.68807e+14 2.68498e+14 6.09499e+14
 96000 2.88531e+14 2.90899e+14 2.9996e+14 2.93049e+14 3.31146e+14 2.53576e+14 2.9259e+14 2.92806e+14 6.65531e+14
 104000 3.11807e+14 3.16196e+14 3.26752e+14 3.14554e+14 3.58953e+14 2.74355e+14 3.15954e+14 3.16873e+14 7.24261e+14
 112000 3.35546e+14 3.42098e+14 3.54526e+14 3.351e+14 3.8549e+14 2.94386e+14 3.38326e+14 3.40618e+14 7.82717e+14
 120000 3.59346e+14 3.69599e+14 3.83468e+14 3.55829e+14 4.12055e+14 3.14294e+14 3.60726e+14 3.64757e+14 8.44096e+14
 128000 3.82192e+14 3.97357e+14 4.13267e+14 3.76014e+14 4.39157e+14 3.33386e+14 3.82852e+14 3.88754e+14 9.04162e+14
 136000 4.03074e+14 4.2549e+14 4.4233e+14 3.96472e+14 4.67342e+14 3.5185e+14 4.05221e+14 4.12585e+14 9.65023e+14
 144000 4.23519e+14 4.53484e+14 4.70177e+14 4.17246e+14 4.95205e+14 3.70567e+14 4.27673e+14 4.36228e+14 1.02412e+15
 152000 4.44413e+14 4.81012e+14 4.95543e+14 4.37541e+14 5.23596e+14 3.90023e+14 4.50387e+14 4.59695e+14 1.08663e+15
 160000 4.65854e+14 5.08494e+14 5.20563e+14 4.58913e+14 5.52764e+14 4.09354e+14 4.73677e+14 4.83528e+14 1.14903e+15
 160000 4.81939e+14 4.58645e+14 5.65242e+14 4.73151e+14 5.22371e+14 3.61986e+14 4.52503e+14 4.72278e+14 1.16085e+15
 320000 9.15043e+14 1.00217e+15 9.19211e+14 9.7814e+14 1.20175e+15 7.24734e+14 9.68208e+14 9.59115e+14 2.27845e+15
 480000 1.31607e+15 1.72184e+15 1.25924e+15 1.51222e+15 1.80069e+15 1.00236e+15 1.43842e+15 1.43601e+15 3.25727e+15
 640000 1.71542e+15 2.42697e+15 1.51503e+15 1.92997e+15 2.35615e+15 1.20157e+15 1.82923e+15 1.85186e+15 4.425e+15
 800000 2.20342e+15 3.26246e+15 1.9515e+15 2.29172e+15 2.8148e+15 1.35361e+15 2.15338e+15 2.28101e+15 5.70256e+15
 960000 2.77614e+15 4.10185e+15 2.34678e+15 2.70071e+15 3.1629e+15 1.53817e+15 2.46726e+15 2.71033e+15 6.95449e+15
 1.12e+06 3.4018e+15 4.87722e+15 2.87834e+15 3.12258e+15 3.63567e+15 1.78015e+15 2.84613e+15 3.19533e+15 8.01772e+15
 1.28e+06 3.98053e+15 5.60733e+15 3.27181e+15 3.50888e+15 4.07332e+15 2.06315e+15 3.21512e+15 3.64369e+15 9.01822e+15
 1.44e+06 4.59622e+15 6.38651e+15 3.71721e+15 3.84557e+15 4.48153e+15 2.24628e+15 3.52446e+15 4.07467e+15 9.9956e+15
 1.6e+06 5.27542e+15 7.15472e+15 4.18348e+15 4.10292e+15 4.90119e+15 2.32501e+15 3.77637e+15 4.48098e+15 1.11204e+16
 1.76e+06 5.96034e+15 7.95355e+15 4.60898e+15 4.33355e+15 5.41448e+15 2.41185e+15 4.05329e+15 4.90169e+15 1.21689e+16
 1.92e+06 6.62275e+15 8.77119e+15 4.9882e+15 4.48602e+15 5.86256e+15 2.42116e+15 4.25658e+15 5.27156e+15 1.29818e+16
 2.08e+06 7.38835e+15 9.65799e+15 5.44685e+15 4.62643e+15 6.20797e+15 2.36136e+15 4.39859e+15 5.63824e+15 1.39525e+16
 2.24e+06 8.21803e+15 1.06019e+16 5.99199e+15 4.77449e+15 6.56554e+15 2.29665e+15 4.54556e+15 6.03559e+15 1.49857e+16
 2.4e+06 9.06201e+15 1.15728e+16 6.50035e+15 4.84378e+15 6.96942e+15 2.30729e+15 4.70683e+15 6.44212e+15 1.61837e+16
 2.56e+06 1.00044e+16 1.2617e+16 6.93019e+15 4.92796e+15 7.48732e+15 2.33601e+15 4.9171e+15 6.89046e+15 1.71175e+16
 2.72e+06 1.08988e+16 1.35756e+16 7.1676e+15 4.97379e+15 8.054e+15 2.38411e+15 5.1373e+15 7.30132e+15 1.78483e+16
 2.88e+06 1.17751e+16 1.45941e+16 7.39511e+15 5.18149e+15 8.75146e+15 2.41921e+15 5.45072e+15 7.77234e+15 1.88774e+16
 3.04e+06 1.27433e+16 1.56406e+16 7.65625e+15 5.44514e+15 9.47967e+15 2.44342e+15 5.78941e+15 8.279e+15 1.95558e+16
 3.2e+06 1.37721e+16 1.66638e+16 7.96986e+15 5.65869e+15 1.01906e+16 2.49305e+15 6.11412e+15 8.78924e+15 2.01278e+16
 3.2e+06 1.35673e+16 1.44716e+16 1.00101e+16 4.4799e+15 6.89545e+15 2.6902e+15 4.68852e+15 7.88632e+15 2.75898e+16
 6.4e+06 3.13876e+16 3.42647e+16 8.89665e+15 6.09677e+15 2.13015e+16 4.02461e+15 1.04743e+16 1.62244e+16 2.62991e+16
 9.6e+06 4.79057e+16 6.2711e+16 6.96275e+15 1.21659e+16 3.42254e+16 3.49928e+15 1.66302e+16 2.56554e+16 5.20201e+16
 1.28e+07 7.2824e+16 7.37278e+16 7.79136e+15 1.97502e+16 4.29352e+16 3.63103e+15 2.21055e+16 3.38424e+16 3.83971e+16
 1.6e+07 1.07987e+17 1.15892e+17 6.65566e+15 2.88606e+16 5.35156e+16 4.35299e+15 2.89097e+16 4.80838e+16 4.73406e+16
 1.92e+07 1.44384e+17 1.47535e+17 3.40378e+15 3.99771e+16 6.16462e+16 7.82792e+15 3.64838e+16 6.12667e+16 3.34714e+16
 2.24e+07 2.37449e+17 2.67378e+17 2.1759e+16 4.65104e+16 4.49728e+16 7.20067e+15 3.28946e+16 8.99482e+16 3.12011e+16
 2.56e+07 3.54022e+17 3.90744e+17 6.21595e+15 5.77607e+16 2.61696e+16 2.35245e+15 2.87609e+16 1.17387e+17 2.47188e+16
 2.88e+07 3.38682e+17 5.02652e+17 1.61329e+16 5.42609e+16 2.59834e+16 8.05866e+15 2.94343e+16 1.31989e+17 1.12627e+15
