#NOTE: MSDs should be divided by the temperature.
#NOTE: MSDs have been divided by 2 or 10 (i.e., the viscosity computed from all components).
#Time	MSD_xx	MSD_yy	MSD_zz	MSD_xy	MSD_xz	MSD_yz	MSD_off	MSD_all	MSD_bulkvisc
 10 1.5318e+09 1.52172e+09 1.52262e+09 1.51821e+09 1.52235e+09 1.51941e+09 1.51999e+09 1.52215e+09 1.77328e+09
 20 5.56023e+09 5.52046e+09 5.52347e+09 5.50655e+09 5.52411e+09 5.51295e+09 5.51453e+09 5.52261e+09 6.845e+09
 30 1.12372e+10 1.11479e+10 1.11532e+10 1.11189e+10 1.11598e+10 1.11384e+10 1.1139e+10 1.11552e+10 1.47842e+10
 40 1.7866e+10 1.7707e+10 1.7715e+10 1.76626e+10 1.77324e+10 1.77011e+10 1.76987e+10 1.77243e+10 2.52067e+10
 50 2.49774e+10 2.47288e+10 2.474e+10 2.46732e+10 2.47731e+10 2.47318e+10 2.4726e+10 2.47618e+10 3.78158e+10
 60 3.22951e+10 3.19364e+10 3.19509e+10 3.18771e+10 3.20068e+10 3.19497e+10 3.19446e+10 3.1991e+10 5.23661e+10
 70 3.96202e+10 3.91327e+10 3.91491e+10 3.90789e+10 3.92377e+10 3.91528e+10 3.91565e+10 3.92142e+10 6.86321e+10
 80 4.68733e+10 4.62417e+10 4.62582e+10 4.62013e+10 4.63917e+10 4.62613e+10 4.62848e+10 4.6354e+10 8.64026e+10
 90 5.40934e+10 5.33054e+10 5.33213e+10 5.32839e+10 5.35118e+10 5.33156e+10 5.33704e+10 5.34516e+10 1.05487e+11
 100 6.1391e+10 6.04365e+10 6.04544e+10 6.0437e+10 6.07109e+10 6.04298e+10 6.05259e+10 6.06198e+10 1.25723e+11
 110 6.89142e+10 6.77837e+10 6.78103e+10 6.78073e+10 6.81372e+10 6.77541e+10 6.78995e+10 6.80075e+10 1.46983e+11
 120 7.68173e+10 7.55016e+10 7.55444e+10 7.55471e+10 7.59426e+10 7.54438e+10 7.56445e+10 7.57685e+10 1.69167e+11
 130 8.52225e+10 8.37122e+10 8.37779e+10 8.37775e+10 8.4247e+10 8.36246e+10 8.3883e+10 8.40248e+10 1.92195e+11
 140 9.4195e+10 9.24801e+10 9.25732e+10 9.25608e+10 9.31125e+10 9.23658e+10 9.26797e+10 9.28409e+10 2.15994e+11
 150 1.03742e+11 1.01813e+11 1.01934e+11 1.01903e+11 1.02543e+11 1.01678e+11 1.02042e+11 1.02223e+11 2.40494e+11
 160 1.13829e+11 1.11673e+11 1.11819e+11 1.11767e+11 1.12496e+11 1.11524e+11 1.11929e+11 1.12134e+11 2.65633e+11
 170 1.24388e+11 1.21997e+11 1.22161e+11 1.22087e+11 1.22899e+11 1.21832e+11 1.22273e+11 1.22503e+11 2.91351e+11
 180 1.35346e+11 1.3271e+11 1.32885e+11 1.32788e+11 1.33675e+11 1.32522e+11 1.32995e+11 1.33256e+11 3.17596e+11
 190 1.46636e+11 1.43746e+11 1.43924e+11 1.43803e+11 1.44757e+11 1.43524e+11 1.44028e+11 1.44324e+11 3.44324e+11
 200 1.58211e+11 1.55057e+11 1.55232e+11 1.55082e+11 1.56095e+11 1.54787e+11 1.55321e+11 1.5566e+11 3.71498e+11
 200 1.58087e+11 1.55569e+11 1.55774e+11 1.55462e+11 1.56096e+11 1.55437e+11 1.55665e+11 1.5599e+11 3.71779e+11
 400 4.414e+11 4.31983e+11 4.32174e+11 4.30814e+11 4.32105e+11 4.30274e+11 4.31064e+11 4.32713e+11 9.93725e+11
 600 8.01469e+11 7.82761e+11 7.82377e+11 7.79886e+11 7.81936e+11 7.77545e+11 7.79789e+11 7.83421e+11 1.77078e+12
 800 1.2167e+12 1.18815e+12 1.18545e+12 1.18102e+12 1.18679e+12 1.17557e+12 1.18113e+12 1.18738e+12 2.67969e+12
 1000 1.6713e+12 1.63235e+12 1.62913e+12 1.62166e+12 1.63107e+12 1.61071e+12 1.62115e+12 1.63039e+12 3.68066e+12
 1200 2.15496e+12 2.10295e+12 2.10226e+12 2.09241e+12 2.10331e+12 2.07252e+12 2.08941e+12 2.10167e+12 4.74526e+12
 1400 2.65908e+12 2.59428e+12 2.59733e+12 2.58472e+12 2.59778e+12 2.55461e+12 2.57904e+12 2.59418e+12 5.86725e+12
 1600 3.17765e+12 3.0998e+12 3.11123e+12 3.09557e+12 3.11015e+12 3.05224e+12 3.08598e+12 3.10341e+12 7.02909e+12
 1800 3.7099e+12 3.61573e+12 3.63836e+12 3.6213e+12 3.63619e+12 3.56075e+12 3.60608e+12 3.62551e+12 8.22868e+12
 2000 4.25514e+12 4.13931e+12 4.17543e+12 4.1554e+12 4.17188e+12 4.07469e+12 4.13399e+12 4.15638e+12 9.45995e+12
 2200 4.80967e+12 4.67219e+12 4.71958e+12 4.69955e+12 4.71433e+12 4.59336e+12 4.66908e+12 4.69497e+12 1.07179e+13
 2400 5.37228e+12 5.21459e+12 5.27117e+12 5.25063e+12 5.26141e+12 5.11326e+12 5.20844e+12 5.23947e+12 1.1993e+13
 2600 5.93938e+12 5.76566e+12 5.82654e+12 5.80817e+12 5.81351e+12 5.63621e+12 5.75263e+12 5.78912e+12 1.32824e+13
 2800 6.51174e+12 6.32297e+12 6.38326e+12 6.36936e+12 6.37007e+12 6.1612e+12 6.30021e+12 6.34252e+12 1.45811e+13
 3000 7.08892e+12 6.88763e+12 6.94155e+12 6.9343e+12 6.93096e+12 6.69099e+12 6.85208e+12 6.90033e+12 1.58904e+13
 3200 7.6691e+12 7.46055e+12 7.50133e+12 7.5028e+12 7.4941e+12 7.22548e+12 7.40746e+12 7.46194e+12 1.72067e+13
 3400 8.25332e+12 8.03853e+12 8.06051e+12 8.0742e+12 8.06026e+12 7.76436e+12 7.96627e+12 8.02674e+12 1.85304e+13
 3600 8.8418e+12 8.622e+12 8.61863e+12 8.64743e+12 8.62745e+12 8.30615e+12 8.52701e+12 8.59387e+12 1.9856e+13
 3800 9.43422e+12 9.21102e+12 9.17677e+12 9.22404e+12 9.19735e+12 8.85099e+12 9.09079e+12 9.16408e+12 2.1182e+13
 4000 1.00274e+13 9.80325e+12 9.73279e+12 9.80042e+12 9.76916e+12 9.39682e+12 9.65547e+12 9.73507e+12 2.25186e+13
 4000 1.00895e+13 9.52863e+12 9.72856e+12 9.54857e+12 9.6864e+12 9.40121e+12 9.54539e+12 9.64012e+12 2.17403e+13
 8000 2.19303e+13 2.18632e+13 2.05492e+13 2.10886e+13 2.10561e+13 2.03214e+13 2.0822e+13 2.10723e+13 4.90674e+13
 12000 3.38293e+13 3.48912e+13 3.2182e+13 3.31522e+13 3.27845e+13 3.17101e+13 3.25489e+13 3.2983e+13 7.5727e+13
 16000 4.59126e+13 4.86004e+13 4.36851e+13 4.58565e+13 4.51731e+13 4.3189e+13 4.47395e+13 4.52701e+13 1.01859e+14
 20000 5.79433e+13 6.28119e+13 5.56116e+13 5.88546e+13 5.74549e+13 5.50091e+13 5.71062e+13 5.77793e+13 1.28902e+14
 24000 7.04077e+13 7.71854e+13 6.78808e+13 7.15259e+13 7.01425e+13 6.71141e+13 6.95942e+13 7.04864e+13 1.56615e+14
 28000 8.35198e+13 9.18297e+13 8.02166e+13 8.44072e+13 8.2895e+13 7.89488e+13 8.20837e+13 8.33257e+13 1.85582e+14
 32000 9.65952e+13 1.06602e+14 9.19168e+13 9.68313e+13 9.54804e+13 9.01232e+13 9.41449e+13 9.58355e+13 2.16189e+14
 36000 1.08937e+14 1.20615e+14 1.04182e+14 1.0972e+14 1.09071e+14 1.01712e+14 1.06834e+14 1.08599e+14 2.4574e+14
 40000 1.2135e+14 1.34642e+14 1.17147e+14 1.22857e+14 1.22922e+14 1.1275e+14 1.1951e+14 1.21458e+14 2.75084e+14
 44000 1.3349e+14 1.48555e+14 1.29555e+14 1.35718e+14 1.37573e+14 1.23823e+14 1.32371e+14 1.34303e+14 3.03825e+14
 48000 1.45566e+14 1.62244e+14 1.41689e+14 1.48826e+14 1.53109e+14 1.35322e+14 1.45752e+14 1.47385e+14 3.32807e+14
 52000 1.57888e+14 1.75496e+14 1.53332e+14 1.61416e+14 1.69343e+14 1.46692e+14 1.5915e+14 1.60386e+14 3.62691e+14
 56000 1.70578e+14 1.87969e+14 1.64921e+14 1.74161e+14 1.85845e+14 1.57697e+14 1.72568e+14 1.73336e+14 3.93508e+14
 60000 1.83579e+14 1.99869e+14 1.75726e+14 1.86336e+14 2.02756e+14 1.69338e+14 1.86143e+14 1.86243e+14 4.24896e+14
 64000 1.96728e+14 2.11275e+14 1.87018e+14 1.98259e+14 2.19365e+14 1.80771e+14 1.99465e+14 1.99015e+14 4.56423e+14
 68000 2.09662e+14 2.22682e+14 1.97707e+14 2.09908e+14 2.36187e+14 1.92334e+14 2.1281e+14 2.11693e+14 4.86329e+14
 72000 2.23889e+14 2.33695e+14 2.08841e+14 2.21425e+14 2.52769e+14 2.03208e+14 2.25801e+14 2.24337e+14 5.1607e+14
 76000 2.3836e+14 2.45703e+14 2.20128e+14 2.33053e+14 2.70196e+14 2.1369e+14 2.3898e+14 2.3728e+14 5.46948e+14
 80000 2.53169e+14 2.57861e+14 2.31799e+14 2.43855e+14 2.88031e+14 2.24975e+14 2.52287e+14 2.50416e+14 5.80275e+14
 80000 2.33964e+14 2.54082e+14 2.22188e+14 2.53509e+14 3.17831e+14 2.09774e+14 2.60371e+14 2.50921e+14 6.05679e+14
 160000 4.36598e+14 4.85749e+14 4.37664e+14 5.20081e+14 7.07541e+14 4.68852e+14 5.65491e+14 5.2063e+14 1.26711e+15
 240000 6.92266e+14 7.55105e+14 5.68262e+14 7.74131e+14 1.06775e+15 6.51312e+14 8.31064e+14 7.67389e+14 1.93039e+15
 320000 9.28433e+14 1.07873e+15 6.93822e+14 9.8384e+14 1.34052e+15 8.19282e+14 1.04788e+15 9.8886e+14 2.73621e+15
 400000 1.20778e+15 1.2547e+15 8.00943e+14 1.12974e+15 1.56796e+15 9.49729e+14 1.21581e+15 1.16461e+15 3.09404e+15
 480000 1.5518e+15 1.52659e+15 8.51385e+14 1.32933e+15 1.79201e+15 1.02578e+15 1.38237e+15 1.35339e+15 3.29775e+15
 560000 1.89237e+15 1.81688e+15 9.04411e+14 1.44939e+15 2.09788e+15 1.05609e+15 1.53445e+15 1.53583e+15 3.86615e+15
 640000 2.18289e+15 2.03197e+15 8.92032e+14 1.60704e+15 2.40703e+15 1.14076e+15 1.71827e+15 1.71188e+15 4.26709e+15
 720000 2.33792e+15 2.29948e+15 8.45133e+14 1.76515e+15 2.71241e+15 1.2705e+15 1.91602e+15 1.88062e+15 4.84813e+15
 800000 2.54805e+15 2.4721e+15 8.4901e+14 1.87509e+15 3.10483e+15 1.45333e+15 2.14442e+15 2.06921e+15 5.56098e+15
 880000 2.77654e+15 2.60549e+15 8.18622e+14 2.04717e+15 3.56755e+15 1.6223e+15 2.41234e+15 2.27415e+15 5.92026e+15
 960000 3.06849e+15 2.82464e+15 7.75655e+14 2.22168e+15 4.153e+15 1.73051e+15 2.70173e+15 2.51021e+15 6.46879e+15
 1.04e+06 3.27667e+15 2.93974e+15 7.89067e+14 2.44499e+15 4.79502e+15 1.79201e+15 3.01067e+15 2.74047e+15 7.10594e+15
 1.12e+06 3.55759e+15 3.14033e+15 8.66746e+14 2.607e+15 5.33738e+15 1.84479e+15 3.26306e+15 2.96646e+15 7.38371e+15
 1.2e+06 3.7798e+15 3.31269e+15 9.1517e+14 2.70081e+15 5.8099e+15 1.83903e+15 3.44992e+15 3.13764e+15 7.86506e+15
 1.28e+06 3.9984e+15 3.39772e+15 1.00495e+15 2.839e+15 6.4224e+15 1.7307e+15 3.66404e+15 3.31856e+15 8.01311e+15
 1.36e+06 4.24007e+15 3.49091e+15 1.05117e+15 2.95665e+15 7.16486e+15 1.69504e+15 3.93885e+15 3.53426e+15 7.94123e+15
 1.44e+06 4.43811e+15 3.36923e+15 1.02924e+15 3.08827e+15 7.8838e+15 1.80661e+15 4.25956e+15 3.73395e+15 8.0129e+15
 1.52e+06 4.64078e+15 3.2146e+15 9.23623e+14 3.25684e+15 8.51604e+15 1.90077e+15 4.55788e+15 3.90526e+15 8.20653e+15
 1.6e+06 4.76407e+15 3.15059e+15 9.3784e+14 3.35541e+15 9.1364e+15 1.9326e+15 4.80814e+15 4.06521e+15 8.4684e+15
 1.6e+06 7.60935e+15 3.0801e+15 1.89113e+15 2.11269e+15 4.69336e+15 2.54705e+15 3.1177e+15 3.54803e+15 4.23035e+15
 3.2e+06 3.36129e+15 3.72082e+15 8.4329e+14 4.71372e+15 1.20804e+16 1.00979e+15 5.93465e+15 4.61751e+15 1.28465e+16
 4.8e+06 4.8325e+15 9.20179e+13 6.25819e+15 1.45365e+16 1.01815e+16 5.17677e+13 8.2566e+15 6.44499e+15 1.4363e+16
