#NOTE: MSDs should be divided by the temperature.
#NOTE: MSDs have been divided by 2 or 10 (i.e., the viscosity computed from all components).
#Time	MSD_xx	MSD_yy	MSD_zz	MSD_xy	MSD_xz	MSD_yz	MSD_off	MSD_all	MSD_bulkvisc
 10 1.52377e+09 1.52932e+09 1.528e+09 1.52738e+09 1.5189e+09 1.51503e+09 1.52043e+09 1.52307e+09 1.79497e+09
 20 5.52924e+09 5.55203e+09 5.5464e+09 5.54197e+09 5.50806e+09 5.49828e+09 5.51611e+09 5.52669e+09 6.93236e+09
 30 1.11704e+10 1.12227e+10 1.12115e+10 1.11963e+10 1.11169e+10 1.111e+10 1.11411e+10 1.11653e+10 1.49827e+10
 40 1.77498e+10 1.78476e+10 1.78339e+10 1.77952e+10 1.76452e+10 1.76582e+10 1.76995e+10 1.77439e+10 2.5563e+10
 50 2.4799e+10 2.49615e+10 2.49516e+10 2.48734e+10 2.46214e+10 2.46761e+10 2.47236e+10 2.47958e+10 3.83752e+10
 60 3.2044e+10 3.22919e+10 3.22897e+10 3.21591e+10 3.17688e+10 3.18889e+10 3.19389e+10 3.20468e+10 5.31688e+10
 70 3.92897e+10 3.96429e+10 3.96476e+10 3.94567e+10 3.88911e+10 3.91016e+10 3.91498e+10 3.93006e+10 6.97106e+10
 80 4.64606e+10 4.69376e+10 4.69447e+10 4.66883e+10 4.59155e+10 4.62381e+10 4.62806e+10 4.64808e+10 8.7783e+10
 90 5.35982e+10 5.42172e+10 5.42192e+10 5.38927e+10 5.28883e+10 5.33389e+10 5.33733e+10 5.36286e+10 1.07192e+11
 100 6.08121e+10 6.15934e+10 6.15786e+10 6.11795e+10 5.99245e+10 6.05158e+10 6.05399e+10 6.08552e+10 1.27772e+11
 110 6.82475e+10 6.92142e+10 6.91667e+10 6.86953e+10 6.71745e+10 6.79157e+10 6.79285e+10 6.83076e+10 1.49392e+11
 120 7.6056e+10 7.72325e+10 7.71324e+10 7.65926e+10 7.47924e+10 7.56899e+10 7.56917e+10 7.61378e+10 1.71954e+11
 130 8.43585e+10 8.5766e+10 8.55905e+10 8.49928e+10 8.29008e+10 8.39571e+10 8.39502e+10 8.44655e+10 1.95375e+11
 140 9.32209e+10 9.4875e+10 9.46034e+10 9.39597e+10 9.15669e+10 9.27805e+10 9.27691e+10 9.33547e+10 2.19582e+11
 150 1.02655e+11 1.04566e+11 1.04183e+11 1.035e+11 1.00802e+11 1.02168e+11 1.02157e+11 1.02815e+11 2.44507e+11
 160 1.12627e+11 1.14799e+11 1.14295e+11 1.13574e+11 1.10568e+11 1.12088e+11 1.12077e+11 1.12809e+11 2.70087e+11
 170 1.23069e+11 1.25506e+11 1.24876e+11 1.24116e+11 1.20798e+11 1.22477e+11 1.22463e+11 1.23271e+11 2.96264e+11
 180 1.33903e+11 1.36609e+11 1.3585e+11 1.35049e+11 1.31411e+11 1.33263e+11 1.33241e+11 1.34126e+11 3.22988e+11
 190 1.45061e+11 1.48042e+11 1.47148e+11 1.46311e+11 1.42339e+11 1.44381e+11 1.44344e+11 1.45306e+11 3.50216e+11
 200 1.56498e+11 1.59755e+11 1.58728e+11 1.57854e+11 1.5353e+11 1.55782e+11 1.55722e+11 1.56764e+11 3.77913e+11
 200 1.56736e+11 1.59854e+11 1.58364e+11 1.57907e+11 1.53174e+11 1.55221e+11 1.55434e+11 1.56588e+11 3.79224e+11
 400 4.37482e+11 4.47019e+11 4.42319e+11 4.39219e+11 4.25539e+11 4.33501e+11 4.32753e+11 4.36561e+11 1.01527e+12
 600 7.94239e+11 8.09862e+11 8.00965e+11 7.94088e+11 7.7216e+11 7.87854e+11 7.84701e+11 7.91496e+11 1.81061e+12
 800 1.20536e+12 1.22403e+12 1.21515e+12 1.20117e+12 1.17528e+12 1.19458e+12 1.19035e+12 1.20015e+12 2.7385e+12
 1000 1.6578e+12 1.67525e+12 1.6697e+12 1.64757e+12 1.62231e+12 1.64172e+12 1.6372e+12 1.64935e+12 3.76302e+12
 1200 2.14086e+12 2.15577e+12 2.15084e+12 2.12507e+12 2.09924e+12 2.11792e+12 2.11407e+12 2.12811e+12 4.85852e+12
 1400 2.64793e+12 2.65967e+12 2.65423e+12 2.62542e+12 2.60019e+12 2.61569e+12 2.61377e+12 2.62984e+12 6.01061e+12
 1600 3.17387e+12 3.18235e+12 3.17815e+12 3.1458e+12 3.12077e+12 3.12919e+12 3.13192e+12 3.1504e+12 7.20719e+12
 1800 3.71469e+12 3.71751e+12 3.71801e+12 3.67984e+12 3.65535e+12 3.65645e+12 3.66388e+12 3.68502e+12 8.43789e+12
 2000 4.26859e+12 4.2633e+12 4.27065e+12 4.2216e+12 4.19874e+12 4.19782e+12 4.20605e+12 4.23064e+12 9.69607e+12
 2200 4.83087e+12 4.81727e+12 4.83634e+12 4.77133e+12 4.74945e+12 4.75038e+12 4.75705e+12 4.7855e+12 1.09868e+13
 2400 5.39951e+12 5.38092e+12 5.41263e+12 5.32701e+12 5.30916e+12 5.31298e+12 5.31638e+12 5.3489e+12 1.23016e+13
 2600 5.97434e+12 5.95117e+12 5.99672e+12 5.88847e+12 5.87613e+12 5.88348e+12 5.88269e+12 5.91925e+12 1.36384e+13
 2800 6.55656e+12 6.52958e+12 6.59233e+12 6.4534e+12 6.44756e+12 6.46133e+12 6.4541e+12 6.49625e+12 1.49935e+13
 3000 7.14494e+12 7.1125e+12 7.19475e+12 7.02218e+12 7.02604e+12 7.0445e+12 7.03091e+12 7.07884e+12 1.63695e+13
 3200 7.74122e+12 7.69876e+12 7.80337e+12 7.59225e+12 7.61057e+12 7.63176e+12 7.61152e+12 7.66603e+12 1.77601e+13
 3400 8.34585e+12 8.28869e+12 8.41704e+12 8.16061e+12 8.20057e+12 8.22522e+12 8.19547e+12 8.25749e+12 1.91602e+13
 3600 8.95776e+12 8.87885e+12 9.03509e+12 8.73111e+12 8.79373e+12 8.82502e+12 8.78329e+12 8.85286e+12 2.05653e+13
 3800 9.57752e+12 9.46912e+12 9.65261e+12 9.30134e+12 9.39073e+12 9.42803e+12 9.37337e+12 9.45059e+12 2.19766e+13
 4000 1.02046e+13 1.00609e+13 1.02721e+13 9.87351e+12 9.99007e+12 1.00347e+13 9.96608e+12 1.00513e+13 2.33944e+13
 4000 1.06345e+13 1.02414e+13 1.01521e+13 9.58837e+12 9.73894e+12 1.03868e+13 9.90472e+12 1.00799e+13 2.32091e+13
 8000 2.36312e+13 2.25105e+13 2.26307e+13 2.057e+13 2.21128e+13 2.23961e+13 2.1693e+13 2.21855e+13 5.20735e+13
 12000 3.6903e+13 3.52554e+13 3.68621e+13 3.20961e+13 3.44601e+13 3.45115e+13 3.36892e+13 3.47496e+13 8.06636e+13
 16000 5.03437e+13 4.85985e+13 5.29528e+13 4.36526e+13 4.69189e+13 4.71608e+13 4.59108e+13 4.77991e+13 1.10084e+14
 20000 6.45846e+13 6.18938e+13 6.97509e+13 5.49174e+13 5.90381e+13 6.16993e+13 5.85516e+13 6.12949e+13 1.40886e+14
 24000 7.9076e+13 7.42269e+13 8.57569e+13 6.49683e+13 7.07113e+13 7.66888e+13 7.07895e+13 7.43483e+13 1.70593e+14
 28000 9.32649e+13 8.56656e+13 1.01538e+14 7.36744e+13 8.18298e+13 9.13586e+13 8.22876e+13 8.67684e+13 2.00518e+14
 32000 1.07284e+14 9.66163e+13 1.16585e+14 8.2737e+13 9.224e+13 1.06194e+14 9.37238e+13 9.89656e+13 2.28597e+14
 36000 1.20111e+14 1.07351e+14 1.31423e+14 9.15136e+13 1.02361e+14 1.21066e+14 1.0498e+14 1.10839e+14 2.55281e+14
 40000 1.33521e+14 1.18006e+14 1.46931e+14 1.00447e+14 1.12236e+14 1.35351e+14 1.16011e+14 1.22735e+14 2.81405e+14
 44000 1.47506e+14 1.29351e+14 1.62686e+14 1.08664e+14 1.21877e+14 1.5008e+14 1.26874e+14 1.3473e+14 3.11197e+14
 48000 1.62805e+14 1.40759e+14 1.7758e+14 1.16426e+14 1.30019e+14 1.65223e+14 1.37223e+14 1.46486e+14 3.42448e+14
 52000 1.7759e+14 1.52542e+14 1.92721e+14 1.24871e+14 1.36446e+14 1.80558e+14 1.47292e+14 1.58089e+14 3.7507e+14
 56000 1.93172e+14 1.64597e+14 2.08502e+14 1.33432e+14 1.4329e+14 1.94959e+14 1.57227e+14 1.69839e+14 4.04922e+14
 60000 2.0957e+14 1.76473e+14 2.25189e+14 1.41784e+14 1.50796e+14 2.09977e+14 1.67519e+14 1.82009e+14 4.3242e+14
 64000 2.26119e+14 1.88655e+14 2.42867e+14 1.50455e+14 1.58242e+14 2.24451e+14 1.77716e+14 1.94315e+14 4.61856e+14
 68000 2.42676e+14 2.01069e+14 2.61357e+14 1.58674e+14 1.66091e+14 2.387e+14 1.87821e+14 2.06707e+14 4.91541e+14
 72000 2.59374e+14 2.13976e+14 2.79946e+14 1.66429e+14 1.74786e+14 2.53437e+14 1.98217e+14 2.1937e+14 5.19634e+14
 76000 2.76295e+14 2.27271e+14 2.98984e+14 1.73535e+14 1.83714e+14 2.68743e+14 2.08664e+14 2.32205e+14 5.45869e+14
 80000 2.93263e+14 2.40082e+14 3.1755e+14 1.79829e+14 1.91786e+14 2.83931e+14 2.18515e+14 2.44562e+14 5.71502e+14
 80000 3.38202e+14 2.36919e+14 3.38459e+14 1.82735e+14 1.72384e+14 3.4461e+14 2.33243e+14 2.61756e+14 5.89739e+14
 160000 7.28091e+14 5.56488e+14 7.84417e+14 2.73683e+14 2.7097e+14 7.39151e+14 4.27935e+14 5.32627e+14 1.15344e+15
 240000 1.14952e+15 8.88188e+14 1.19292e+15 4.09227e+14 4.20628e+14 1.26576e+15 6.98538e+14 8.49873e+14 1.56241e+15
 320000 1.62072e+15 1.19515e+15 1.84373e+15 5.91533e+14 5.0564e+14 1.85788e+15 9.85017e+14 1.21229e+15 2.1741e+15
 400000 2.03518e+15 1.38354e+15 2.36487e+15 8.35264e+14 6.21236e+14 2.34421e+15 1.2669e+15 1.53129e+15 2.85757e+15
 480000 2.35997e+15 1.42574e+15 2.81285e+15 1.13214e+15 6.39518e+14 2.80321e+15 1.52496e+15 1.79478e+15 3.49731e+15
 560000 2.66769e+15 1.42354e+15 3.35742e+15 1.361e+15 7.10907e+14 3.00773e+15 1.69321e+15 2.00908e+15 4.10572e+15
 640000 2.95827e+15 1.55687e+15 3.69752e+15 1.57831e+15 7.4285e+14 3.2073e+15 1.84282e+15 2.20071e+15 4.70651e+15
 720000 3.18241e+15 1.79256e+15 3.98181e+15 1.85128e+15 8.11439e+14 3.44972e+15 2.03748e+15 2.41673e+15 5.30703e+15
 800000 3.36869e+15 2.12377e+15 4.31133e+15 2.10449e+15 8.78604e+14 3.64879e+15 2.21063e+15 2.63355e+15 5.91218e+15
 880000 3.64318e+15 2.42253e+15 4.88461e+15 2.3647e+15 1.0389e+15 3.99896e+15 2.46752e+15 2.94055e+15 6.46512e+15
 960000 3.96526e+15 2.64821e+15 5.45784e+15 2.58095e+15 1.09993e+15 4.47943e+15 2.7201e+15 3.24157e+15 7.08267e+15
 1.04e+06 4.26097e+15 2.75374e+15 6.02309e+15 2.71849e+15 1.20733e+15 5.18554e+15 3.03712e+15 3.56065e+15 7.39091e+15
 1.12e+06 4.46772e+15 2.7148e+15 6.58914e+15 3.03134e+15 1.18165e+15 5.54687e+15 3.25329e+15 3.78819e+15 7.80269e+15
 1.2e+06 4.78991e+15 2.66485e+15 7.02219e+15 3.33134e+15 1.16676e+15 5.68798e+15 3.39536e+15 3.96747e+15 8.13495e+15
 1.28e+06 5.1438e+15 2.53785e+15 7.31644e+15 3.72092e+15 1.19067e+15 5.38701e+15 3.43287e+15 4.05947e+15 8.39186e+15
 1.36e+06 5.52758e+15 2.35091e+15 7.29881e+15 4.06079e+15 1.26424e+15 4.8312e+15 3.38541e+15 4.05489e+15 8.24795e+15
 1.44e+06 5.80425e+15 2.1525e+15 7.03638e+15 4.41028e+15 1.33381e+15 4.34072e+15 3.3616e+15 4.01605e+15 8.10841e+15
 1.52e+06 6.113e+15 2.01574e+15 6.6927e+15 4.78085e+15 1.5277e+15 4.12597e+15 3.47817e+15 4.0631e+15 7.74346e+15
 1.6e+06 6.28211e+15 1.83669e+15 6.34943e+15 5.23511e+15 1.68547e+15 4.14299e+15 3.68786e+15 4.14181e+15 7.39635e+15
 1.6e+06 6.87302e+15 2.07786e+15 1.62351e+16 7.80219e+15 3.1047e+14 1.36139e+15 3.15802e+15 5.25294e+15 1.02478e+16
 3.2e+06 1.23536e+16 1.66896e+15 2.3104e+16 3.11758e+16 1.20829e+15 1.17235e+15 1.11855e+16 1.16615e+16 4.65613e+14
