#NOTE: MSDs should be divided by (temperature^2).
#NOTE: MSDs have been divided by 2.
#Time	MSD_x	MSD_y	MSD_z	MSD_all
 20 80.2779 80.2086 80.1944 80.227
 40 103.654 103.581 103.543 103.593
 60 131.803 131.83 131.671 131.768
 80 162.532 162.638 162.234 162.468
 100 196.801 196.942 196.525 196.756
 120 227.006 227.32 226.561 226.963
 140 260.498 260.966 260.093 260.519
 160 293.478 294.161 292.957 293.532
 180 326.773 327.427 326.194 326.798
 200 359.298 360.051 358.69 359.346
 220 391.287 392.32 390.809 391.472
 240 422.869 423.957 422.219 423.015
 260 453.742 454.85 453.001 453.864
 280 484.304 485.458 483.324 484.362
 300 514.151 515.47 512.951 514.191
 320 543.459 544.93 542.074 543.487
 340 572.107 573.752 570.609 572.156
 360 600.482 602.112 598.77 600.455
 380 628.236 629.952 626.459 628.216
 400 655.682 657.456 653.835 655.658
 400 655.801 658.639 652.893 655.777
 800 1173.91 1180.36 1170.49 1174.92
 1200 1675.14 1688.61 1677.56 1680.44
 1600 2170.24 2194.49 2174.73 2179.82
 2000 2662.86 2694.37 2670.19 2675.81
 2400 3150.28 3197.73 3168.69 3172.23
 2800 3631.52 3698.61 3668.98 3666.37
 3200 4108.95 4195.51 4171.99 4158.82
 3600 4587.25 4693.2 4676.45 4652.3
 4000 5069 5194.53 5178.86 5147.47
 4400 5546.02 5696.99 5683.01 5642.01
 4800 6020.32 6198.55 6184.49 6134.45
 5200 6495.51 6699.08 6682.64 6625.74
 5600 6974.88 7197.31 7174.85 7115.68
 6000 7450.56 7697.74 7670.43 7606.24
 6400 7921.59 8194.22 8167.42 8094.41
 6800 8394.16 8697.66 8663.13 8584.98
 7200 8865.92 9200 9157.51 9074.48
 7600 9336.22 9705.16 9649.68 9563.68
 8000 9805.4 10208.5 10144.8 10052.9
 8000 9721.19 10290.4 10087.6 10033.1
 16000 18925.5 19982.9 19862.5 19590.3
 24000 28084.4 29812.8 29795.8 29231
 32000 37288.9 39762.1 39452.9 38834.6
 40000 46458.3 49542 49111.3 48370.5
 48000 55447.7 59466.3 58943.7 57952.6
 56000 64501 69186.7 68938 67541.9
 64000 73812.5 78790.7 79046.8 77216.7
 72000 83119.8 88433.7 88723.9 86759.1
 80000 92504.2 97826.6 98174.4 96168.4
 88000 102128 107129 107866 105707
 96000 111556 116160 117439 115052
 104000 121303 125217 127050 124523
 112000 130607 134240 136641 133829
 120000 139952 142991 146168 143037
 128000 149486 151653 155882 152340
 136000 158561 160188 165557 161436
 144000 167460 168202 174549 170070
 152000 176356 175986 183586 178643
 160000 185051 183839 192687 187192
 160000 181206 193615 186137 186986
 320000 355370 343863 378784 359339
 480000 534050 496129 585670 538616
 640000 722945 611924 763709 699526
 800000 903144 716789 955907 858613
 960000 1.08546e+06 821734 1.13155e+06 1.01291e+06
 1.12e+06 1.28831e+06 942642 1.30793e+06 1.17963e+06
 1.28e+06 1.4746e+06 1.05156e+06 1.5071e+06 1.34442e+06
 1.44e+06 1.67232e+06 1.16169e+06 1.70265e+06 1.51222e+06
 1.6e+06 1.90539e+06 1.2891e+06 1.93022e+06 1.70824e+06
 1.76e+06 2.13643e+06 1.39791e+06 2.1644e+06 1.89958e+06
 1.92e+06 2.3747e+06 1.52251e+06 2.41986e+06 2.10569e+06
 2.08e+06 2.64523e+06 1.6363e+06 2.65265e+06 2.3114e+06
 2.24e+06 2.91863e+06 1.76559e+06 2.8988e+06 2.52768e+06
 2.4e+06 3.20191e+06 1.9045e+06 3.14071e+06 2.74904e+06
 2.56e+06 3.48389e+06 2.00982e+06 3.39072e+06 2.96148e+06
 2.72e+06 3.77691e+06 2.13765e+06 3.63296e+06 3.18251e+06
 2.88e+06 4.05852e+06 2.22527e+06 3.91348e+06 3.39909e+06
 3.04e+06 4.37232e+06 2.31293e+06 4.20634e+06 3.63053e+06
 3.2e+06 4.68639e+06 2.39994e+06 4.49899e+06 3.86177e+06
 3.2e+06 4.28038e+06 2.1074e+06 4.25106e+06 3.54628e+06
 6.4e+06 1.14249e+07 3.4926e+06 8.95016e+06 7.95588e+06
 9.6e+06 1.7688e+07 4.90826e+06 1.17018e+07 1.14327e+07
 1.28e+07 2.36257e+07 4.90326e+06 1.38187e+07 1.41159e+07
 1.6e+07 2.92418e+07 4.945e+06 1.60754e+07 1.67541e+07
 1.92e+07 3.20866e+07 6.72087e+06 1.82821e+07 1.90298e+07
 2.24e+07 3.1578e+07 6.67375e+06 1.97723e+07 1.93414e+07
 2.56e+07 3.13448e+07 7.47729e+06 2.40456e+07 2.09559e+07
 2.88e+07 2.88584e+07 7.58466e+06 2.6351e+07 2.09313e+07
 3.2e+07 2.5439e+07 8.57712e+06 2.52961e+07 1.97707e+07
 3.52e+07 2.02599e+07 1.00855e+07 2.37541e+07 1.80331e+07
 3.84e+07 1.35474e+07 8.76271e+06 2.8001e+07 1.67704e+07
 4.16e+07 8.4438e+06 7.04154e+06 2.99601e+07 1.51485e+07
 4.48e+07 5.77795e+06 5.13536e+06 3.16512e+07 1.41882e+07
 4.8e+07 4.96088e+06 5.15587e+06 3.23827e+07 1.41665e+07
 5.12e+07 7.94638e+06 6.77144e+06 3.24876e+07 1.57351e+07
 5.44e+07 1.15849e+07 6.07818e+06 3.5554e+07 1.77391e+07
 5.76e+07 1.56477e+07 7.06367e+06 3.60464e+07 1.95859e+07
 6.08e+07 1.74629e+07 4.61756e+06 3.03129e+07 1.74645e+07
 6.4e+07 2.16245e+07 3.64848e+06 2.07633e+07 1.53454e+07
 6.4e+07 2.24996e+07 1.21485e+07 7.17576e+07 3.54686e+07
