#NOTE: MSDs should be divided by the temperature.
#NOTE: MSDs have been divided by 2 or 10 (i.e., the viscosity computed from all components).
#Time	MSD_xx	MSD_yy	MSD_zz	MSD_xy	MSD_xz	MSD_yz	MSD_off	MSD_all	MSD_bulkvisc
 10 1.53697e+09 1.51754e+09 1.53885e+09 1.52591e+09 1.53339e+09 1.51243e+09 1.52391e+09 1.52679e+09 1.78391e+09
 20 5.57988e+09 5.50656e+09 5.58553e+09 5.53774e+09 5.56419e+09 5.48515e+09 5.52903e+09 5.54035e+09 6.88844e+09
 30 1.12805e+10 1.11252e+10 1.12863e+10 1.1189e+10 1.12351e+10 1.10777e+10 1.11672e+10 1.11926e+10 1.48865e+10
 40 1.79435e+10 1.76845e+10 1.79388e+10 1.77828e+10 1.78393e+10 1.75983e+10 1.77401e+10 1.77863e+10 2.53975e+10
 50 2.51049e+10 2.47211e+10 2.50717e+10 2.48509e+10 2.4904e+10 2.45784e+10 2.47778e+10 2.4853e+10 3.81273e+10
 60 3.24906e+10 3.19635e+10 3.24105e+10 3.21214e+10 3.21536e+10 3.17406e+10 3.20052e+10 3.21184e+10 5.28325e+10
 70 3.98966e+10 3.92201e+10 3.97595e+10 3.94013e+10 3.93893e+10 3.8889e+10 3.92265e+10 3.93861e+10 6.9289e+10
 80 4.72378e+10 4.64169e+10 4.70412e+10 4.66148e+10 4.65338e+10 4.5947e+10 4.63652e+10 4.65786e+10 8.72884e+10
 90 5.45502e+10 5.35924e+10 5.42931e+10 5.37985e+10 5.36321e+10 5.29548e+10 5.34618e+10 5.37352e+10 1.06644e+11
 100 6.19451e+10 6.08581e+10 6.16246e+10 6.10614e+10 6.08023e+10 6.00234e+10 6.0629e+10 6.09678e+10 1.27196e+11
 110 6.95698e+10 6.83608e+10 6.91827e+10 6.85515e+10 6.81963e+10 6.73024e+10 6.80168e+10 6.84252e+10 1.48819e+11
 120 7.75784e+10 7.62513e+10 7.71218e+10 7.64233e+10 7.59618e+10 7.4945e+10 7.57767e+10 7.62595e+10 1.7142e+11
 130 8.60956e+10 8.46494e+10 8.5568e+10 8.47979e+10 8.42084e+10 8.30692e+10 8.40251e+10 8.45901e+10 1.9492e+11
 140 9.51885e+10 9.36171e+10 9.45893e+10 9.37405e+10 9.29927e+10 9.1736e+10 9.28231e+10 9.34798e+10 2.19246e+11
 150 1.04868e+11 1.03159e+11 1.0419e+11 1.03257e+11 1.02324e+11 1.00956e+11 1.02179e+11 1.02936e+11 2.44333e+11
 160 1.15104e+11 1.13235e+11 1.14325e+11 1.13305e+11 1.12173e+11 1.10695e+11 1.12058e+11 1.12923e+11 2.70119e+11
 170 1.25829e+11 1.23776e+11 1.24916e+11 1.2381e+11 1.2248e+11 1.20888e+11 1.22393e+11 1.23372e+11 2.96544e+11
 180 1.36966e+11 1.34708e+11 1.35888e+11 1.34692e+11 1.33174e+11 1.3146e+11 1.33108e+11 1.34207e+11 3.23559e+11
 190 1.48441e+11 1.45965e+11 1.47173e+11 1.45882e+11 1.44189e+11 1.42338e+11 1.44137e+11 1.45359e+11 3.51117e+11
 200 1.60202e+11 1.57495e+11 1.58722e+11 1.5733e+11 1.5548e+11 1.53473e+11 1.55428e+11 1.56779e+11 3.7918e+11
 200 1.60064e+11 1.57419e+11 1.57739e+11 1.56838e+11 1.55858e+11 1.53346e+11 1.55347e+11 1.56571e+11 3.78974e+11
 400 4.50783e+11 4.38536e+11 4.40775e+11 4.3693e+11 4.32584e+11 4.23233e+11 4.30916e+11 4.35895e+11 1.0281e+12
 600 8.24962e+11 7.95489e+11 8.0488e+11 7.93509e+11 7.83314e+11 7.61006e+11 7.79276e+11 7.90943e+11 1.82898e+12
 800 1.25975e+12 1.20867e+12 1.22754e+12 1.20779e+12 1.18493e+12 1.14699e+12 1.17991e+12 1.20074e+12 2.77064e+12
 1000 1.73381e+12 1.66445e+12 1.69647e+12 1.66962e+12 1.63064e+12 1.56906e+12 1.62311e+12 1.65316e+12 3.79855e+12
 1200 2.24013e+12 2.14963e+12 2.19835e+12 2.17368e+12 2.10879e+12 2.01843e+12 2.1003e+12 2.1386e+12 4.8955e+12
 1400 2.76965e+12 2.65528e+12 2.72651e+12 2.71095e+12 2.61219e+12 2.48664e+12 2.60326e+12 2.64882e+12 6.04144e+12
 1600 3.31658e+12 3.17462e+12 3.27018e+12 3.27236e+12 3.13443e+12 2.97686e+12 3.12788e+12 3.17825e+12 7.22793e+12
 1800 3.88268e+12 3.70889e+12 3.82876e+12 3.85438e+12 3.66952e+12 3.48244e+12 3.66878e+12 3.72398e+12 8.45064e+12
 2000 4.4639e+12 4.25143e+12 4.39393e+12 4.45478e+12 4.21469e+12 4.00121e+12 4.22356e+12 4.28204e+12 9.6981e+12
 2200 5.05453e+12 4.80554e+12 4.96326e+12 5.07406e+12 4.76552e+12 4.52845e+12 4.78935e+12 4.85005e+12 1.09756e+13
 2400 5.65556e+12 5.36929e+12 5.53743e+12 5.70573e+12 5.32046e+12 5.06268e+12 5.36296e+12 5.42608e+12 1.22748e+13
 2600 6.26232e+12 5.94313e+12 6.11001e+12 6.34594e+12 5.88271e+12 5.60172e+12 5.94346e+12 6.00814e+12 1.35913e+13
 2800 6.86956e+12 6.51941e+12 6.67656e+12 6.99687e+12 6.45059e+12 6.14585e+12 6.5311e+12 6.59407e+12 1.49381e+13
 3000 7.47708e+12 7.10056e+12 7.24025e+12 7.65923e+12 7.02267e+12 6.6944e+12 7.12543e+12 7.18431e+12 1.63087e+13
 3200 8.0883e+12 7.6866e+12 7.79926e+12 8.33108e+12 7.60242e+12 7.24744e+12 7.72698e+12 7.77941e+12 1.76908e+13
 3400 8.69846e+12 8.27482e+12 8.35419e+12 9.00886e+12 8.18996e+12 7.80311e+12 8.33398e+12 8.37738e+12 1.90776e+13
 3600 9.30705e+12 8.86506e+12 8.90316e+12 9.69507e+12 8.78327e+12 8.35972e+12 8.94602e+12 8.97765e+12 2.04734e+13
 3800 9.91812e+12 9.45566e+12 9.44834e+12 1.03884e+13 9.37849e+12 8.92433e+12 9.56373e+12 9.58119e+12 2.1877e+13
 4000 1.05312e+13 1.00521e+13 9.99013e+12 1.10861e+13 9.97361e+12 9.49808e+12 1.01859e+13 1.0188e+13 2.32729e+13
 4000 1.07407e+13 9.91965e+12 1.0075e+13 1.10854e+13 1.04878e+13 9.4087e+12 1.03273e+13 1.02944e+13 2.38685e+13
 8000 2.30055e+13 2.27638e+13 2.06149e+13 2.6013e+13 2.23908e+13 2.14081e+13 2.32706e+13 2.28136e+13 4.91153e+13
 12000 3.5915e+13 3.59752e+13 3.29025e+13 4.26276e+13 3.50213e+13 3.3058e+13 3.69023e+13 3.61138e+13 7.24189e+13
 16000 4.83393e+13 4.7195e+13 4.24875e+13 6.03673e+13 4.87965e+13 4.38936e+13 5.10192e+13 4.90144e+13 9.61327e+13
 20000 5.92715e+13 5.8375e+13 5.05431e+13 7.77357e+13 6.39786e+13 5.40666e+13 6.52603e+13 6.15815e+13 1.17599e+14
 24000 7.06397e+13 6.97033e+13 5.65269e+13 9.50592e+13 8.06527e+13 6.34629e+13 7.97249e+13 7.40843e+13 1.39281e+14
 28000 8.24788e+13 8.31915e+13 6.18807e+13 1.12854e+14 9.8099e+13 7.26434e+13 9.45322e+13 8.70595e+13 1.58664e+14
 32000 9.31375e+13 9.84844e+13 6.8147e+13 1.29964e+14 1.16507e+14 7.84063e+13 1.08292e+14 9.96112e+13 1.77432e+14
 36000 1.05313e+14 1.16048e+14 7.54555e+13 1.44152e+14 1.34e+14 8.26055e+13 1.20252e+14 1.11727e+14 1.93574e+14
 40000 1.19203e+14 1.35286e+14 8.45028e+13 1.57864e+14 1.52183e+14 8.79482e+13 1.32665e+14 1.24798e+14 2.11991e+14
 44000 1.34344e+14 1.55494e+14 9.26277e+13 1.72095e+14 1.7127e+14 9.48442e+13 1.4607e+14 1.38637e+14 2.34387e+14
 48000 1.49937e+14 1.76458e+14 1.00543e+14 1.83423e+14 1.90468e+14 1.03036e+14 1.58976e+14 1.5231e+14 2.52809e+14
 52000 1.65697e+14 1.98041e+14 1.08726e+14 1.94296e+14 2.121e+14 1.12107e+14 1.72834e+14 1.66696e+14 2.72474e+14
 56000 1.8427e+14 2.21054e+14 1.17344e+14 2.03826e+14 2.3427e+14 1.20076e+14 1.86057e+14 1.81323e+14 2.91855e+14
 60000 2.02331e+14 2.44364e+14 1.2742e+14 2.13033e+14 2.5663e+14 1.29598e+14 1.99754e+14 1.96401e+14 3.12388e+14
 64000 2.21504e+14 2.69589e+14 1.40119e+14 2.22362e+14 2.80429e+14 1.40329e+14 2.14374e+14 2.12786e+14 3.33684e+14
 68000 2.40863e+14 2.94967e+14 1.55328e+14 2.31228e+14 3.04384e+14 1.50089e+14 2.28567e+14 2.29295e+14 3.55478e+14
 72000 2.60842e+14 3.18537e+14 1.7008e+14 2.4065e+14 3.27822e+14 1.6028e+14 2.42917e+14 2.45678e+14 3.73949e+14
 76000 2.84083e+14 3.43359e+14 1.8465e+14 2.48754e+14 3.50483e+14 1.71107e+14 2.56781e+14 2.62348e+14 3.92795e+14
 80000 3.07579e+14 3.70481e+14 1.98211e+14 2.56114e+14 3.74372e+14 1.82558e+14 2.71015e+14 2.79445e+14 4.12621e+14
 80000 3.57011e+14 3.47307e+14 2.06505e+14 3.16604e+14 4.12573e+14 1.92202e+14 3.07127e+14 3.05719e+14 3.96104e+14
 160000 9.58247e+14 9.26223e+14 5.25902e+14 4.77211e+14 8.65496e+14 5.44025e+14 6.28911e+14 6.98729e+14 5.65421e+14
 240000 1.65561e+15 1.45867e+15 9.88716e+14 3.89367e+14 9.33259e+14 9.4825e+14 7.56959e+14 1.00124e+15 3.5539e+14
 320000 2.16707e+15 1.69014e+15 1.48298e+15 2.15665e+14 1.11823e+15 1.53016e+15 9.54684e+14 1.28484e+15 5.6196e+14
 400000 2.79265e+15 1.91574e+15 1.8254e+15 2.45506e+14 1.17843e+15 2.11635e+15 1.18009e+15 1.57923e+15 5.12638e+14
 480000 3.57148e+15 1.87675e+15 2.0596e+15 4.73402e+14 1.10863e+15 2.76838e+15 1.45014e+15 1.87113e+15 3.94966e+14
 560000 4.65179e+15 1.93094e+15 2.17452e+15 4.60448e+14 1.30066e+15 3.5891e+15 1.7834e+15 2.23768e+15 8.31333e+14
 640000 5.8445e+15 2.18862e+15 2.19429e+15 4.63376e+14 1.1827e+15 4.5514e+15 2.06582e+15 2.60315e+15 7.52137e+14
 720000 7.13178e+15 2.53594e+15 2.25259e+15 2.0664e+14 1.39708e+15 5.37398e+15 2.3259e+15 2.98491e+15 7.15247e+14
 800000 8.2658e+15 2.76118e+15 2.32663e+15 3.16939e+14 1.77702e+15 6.34763e+15 2.81386e+15 3.4688e+15 9.21114e+14
 880000 9.59229e+15 2.83735e+15 2.85359e+15 6.1047e+14 1.76453e+15 7.667e+15 3.34733e+15 4.04616e+15 5.71299e+14
 960000 1.10598e+16 2.69291e+15 3.70466e+15 4.63333e+14 8.79356e+14 8.94889e+15 3.43053e+15 4.38597e+15 5.65108e+14
 1.04e+06 1.17068e+16 2.29128e+15 4.72685e+15 2.34984e+14 4.76699e+14 9.82569e+15 3.51246e+15 4.60413e+15 9.42856e+14
 1.12e+06 1.15376e+16 1.50496e+15 5.92811e+15 1.47288e+14 4.73853e+14 1.11874e+16 3.93617e+15 4.89112e+15 5.82618e+14
 1.2e+06 1.05059e+16 6.02165e+14 7.03679e+15 5.06671e+14 7.18865e+14 1.32852e+16 4.83691e+15 5.32146e+15 6.6796e+14
 1.28e+06 7.78725e+15 1.04606e+14 7.99845e+15 1.60323e+14 7.99135e+14 1.45759e+16 5.17844e+15 5.22577e+15 1.04765e+15
 1.36e+06 5.06902e+15 7.69084e+14 9.52191e+15 1.64584e+13 1.94612e+15 1.59241e+16 5.96223e+15 5.62534e+15 5.57204e+14
 1.44e+06 3.87354e+15 1.47296e+15 1.01238e+16 3.34515e+14 3.0049e+15 1.92895e+16 7.54299e+15 6.58849e+15 2.32642e+13
