#NOTE: MSDs should be divided by the temperature.
#NOTE: MSDs have been divided by 2 or 10 (i.e., the viscosity computed from all components).
#Time	MSD_xx	MSD_yy	MSD_zz	MSD_xy	MSD_xz	MSD_yz	MSD_off	MSD_all	MSD_bulkvisc
 10 1.52386e+09 1.52636e+09 1.52782e+09 1.53283e+09 1.52348e+09 1.5223e+09 1.5262e+09 1.52613e+09 1.79791e+09
 20 5.52912e+09 5.5399e+09 5.54577e+09 5.56387e+09 5.52694e+09 5.52537e+09 5.53872e+09 5.53854e+09 6.94439e+09
 30 1.11679e+10 1.11942e+10 1.12087e+10 1.12448e+10 1.11609e+10 1.11658e+10 1.11905e+10 1.11904e+10 1.50105e+10
 40 1.77415e+10 1.77948e+10 1.78242e+10 1.78775e+10 1.77253e+10 1.77493e+10 1.7784e+10 1.77851e+10 2.56134e+10
 50 2.47815e+10 2.48759e+10 2.49272e+10 2.49924e+10 2.47494e+10 2.48087e+10 2.48502e+10 2.48547e+10 3.84559e+10
 60 3.20146e+10 3.21653e+10 3.22425e+10 3.23122e+10 3.19561e+10 3.207e+10 3.21128e+10 3.2124e+10 5.32887e+10
 70 3.92463e+10 3.94681e+10 3.95718e+10 3.96381e+10 3.91487e+10 3.93398e+10 3.93756e+10 3.93968e+10 6.98814e+10
 80 4.6401e+10 4.67068e+10 4.68352e+10 4.68938e+10 4.62529e+10 4.65426e+10 4.65631e+10 4.65969e+10 8.80197e+10
 90 5.35184e+10 5.39212e+10 5.40707e+10 5.41215e+10 5.33123e+10 5.37197e+10 5.37178e+10 5.37654e+10 1.07512e+11
 100 6.07085e+10 6.12215e+10 6.13878e+10 6.14344e+10 6.044e+10 6.09828e+10 6.09524e+10 6.10138e+10 1.28195e+11
 110 6.81199e+10 6.87551e+10 6.89321e+10 6.89832e+10 6.77845e+10 6.84796e+10 6.84158e+10 6.84904e+10 1.4994e+11
 120 7.59068e+10 7.66752e+10 7.68552e+10 7.69248e+10 7.54994e+10 7.63606e+10 7.62616e+10 7.63486e+10 1.72649e+11
 130 8.41911e+10 8.51018e+10 8.52749e+10 8.53835e+10 8.37074e+10 8.47445e+10 8.46118e+10 8.47094e+10 1.96241e+11
 140 9.30389e+10 9.40979e+10 9.42567e+10 9.44255e+10 9.24768e+10 9.36938e+10 9.3532e+10 9.36384e+10 2.20642e+11
 150 1.02461e+11 1.03671e+11 1.03814e+11 1.04058e+11 1.01819e+11 1.03215e+11 1.03031e+11 1.03145e+11 2.45783e+11
 160 1.12424e+11 1.13783e+11 1.13916e+11 1.14239e+11 1.11698e+11 1.13274e+11 1.1307e+11 1.13192e+11 2.71602e+11
 170 1.22861e+11 1.24367e+11 1.24497e+11 1.24899e+11 1.22044e+11 1.23806e+11 1.23583e+11 1.23713e+11 2.9804e+11
 180 1.33695e+11 1.35347e+11 1.35479e+11 1.35958e+11 1.32781e+11 1.34738e+11 1.34492e+11 1.34632e+11 3.25047e+11
 190 1.44856e+11 1.46657e+11 1.46793e+11 1.47348e+11 1.43839e+11 1.46003e+11 1.4573e+11 1.45879e+11 3.52581e+11
 200 1.56294e+11 1.58247e+11 1.58392e+11 1.5902e+11 1.55169e+11 1.57553e+11 1.57247e+11 1.57406e+11 3.80605e+11
 200 1.56434e+11 1.58219e+11 1.58377e+11 1.59001e+11 1.55075e+11 1.57074e+11 1.5705e+11 1.57301e+11 3.81184e+11
 400 4.35902e+11 4.42348e+11 4.43036e+11 4.43871e+11 4.31138e+11 4.39651e+11 4.3822e+11 4.39103e+11 1.02761e+12
 600 7.8889e+11 8.03057e+11 8.05485e+11 8.0576e+11 7.82149e+11 8.00277e+11 7.96062e+11 7.97295e+11 1.83722e+12
 800 1.19568e+12 1.21769e+12 1.22551e+12 1.22252e+12 1.18988e+12 1.21591e+12 1.20944e+12 1.21085e+12 2.78651e+12
 1000 1.64449e+12 1.67437e+12 1.68858e+12 1.6797e+12 1.64032e+12 1.67352e+12 1.66451e+12 1.66637e+12 3.83637e+12
 1200 2.12281e+12 2.16263e+12 2.18089e+12 2.16823e+12 2.12166e+12 2.16247e+12 2.15079e+12 2.15265e+12 4.95935e+12
 1400 2.62393e+12 2.67654e+12 2.69811e+12 2.67884e+12 2.62809e+12 2.67475e+12 2.66056e+12 2.66281e+12 6.14072e+12
 1600 3.1434e+12 3.20962e+12 3.23615e+12 3.21015e+12 3.15453e+12 3.20522e+12 3.18997e+12 3.19253e+12 7.36494e+12
 1800 3.67728e+12 3.75843e+12 3.79018e+12 3.75876e+12 3.69547e+12 3.75072e+12 3.73498e+12 3.73777e+12 8.62404e+12
 2000 4.22288e+12 4.31889e+12 4.35955e+12 4.31887e+12 4.24777e+12 4.30951e+12 4.29205e+12 4.29541e+12 9.91727e+12
 2200 4.77673e+12 4.88703e+12 4.94408e+12 4.88845e+12 4.80876e+12 4.8798e+12 4.85901e+12 4.86311e+12 1.12436e+13
 2400 5.33736e+12 5.4623e+12 5.53937e+12 5.46585e+12 5.37919e+12 5.45961e+12 5.43488e+12 5.43947e+12 1.25932e+13
 2600 5.90367e+12 6.04271e+12 6.14363e+12 6.04969e+12 5.95663e+12 6.04688e+12 6.01773e+12 6.02264e+12 1.39645e+13
 2800 6.47575e+12 6.62811e+12 6.75534e+12 6.63854e+12 6.53903e+12 6.63975e+12 6.60577e+12 6.61136e+12 1.53525e+13
 3000 7.05242e+12 7.2158e+12 7.37194e+12 7.23023e+12 7.1273e+12 7.23674e+12 7.19809e+12 7.20421e+12 1.67615e+13
 3200 7.63319e+12 7.80372e+12 7.99384e+12 7.82395e+12 7.71939e+12 7.83809e+12 7.79381e+12 7.80039e+12 1.81847e+13
 3400 8.2182e+12 8.39317e+12 8.6206e+12 8.41762e+12 8.31606e+12 8.44476e+12 8.39281e+12 8.39995e+12 1.96142e+13
 3600 8.80871e+12 8.98247e+12 9.25162e+12 9.01327e+12 8.91552e+12 9.0558e+12 8.99486e+12 9.00262e+12 2.10517e+13
 3800 9.40462e+12 9.57099e+12 9.88442e+12 9.60902e+12 9.51819e+12 9.67013e+12 9.59911e+12 9.60747e+12 2.24967e+13
 4000 1.00059e+13 1.0161e+13 1.05211e+13 1.02074e+13 1.01236e+13 1.02875e+13 1.02062e+13 1.02154e+13 2.39485e+13
 4000 1.01328e+13 1.00997e+13 1.02866e+13 1.00935e+13 1.0139e+13 1.05691e+13 1.02672e+13 1.02295e+13 2.37592e+13
 8000 2.25494e+13 2.2178e+13 2.28994e+13 2.20722e+13 2.26749e+13 2.2671e+13 2.24727e+13 2.25005e+13 5.34392e+13
 12000 3.52455e+13 3.45127e+13 3.6419e+13 3.46896e+13 3.53567e+13 3.49716e+13 3.5006e+13 3.51605e+13 8.33436e+13
 16000 4.84643e+13 4.737e+13 5.07363e+13 4.73472e+13 4.8045e+13 4.78115e+13 4.77346e+13 4.81835e+13 1.13544e+14
 20000 6.27668e+13 6.02239e+13 6.55584e+13 5.96009e+13 6.05022e+13 6.21113e+13 6.07381e+13 6.15828e+13 1.44586e+14
 24000 7.80037e+13 7.27394e+13 8.01183e+13 7.11819e+13 7.35406e+13 7.63937e+13 7.37054e+13 7.50048e+13 1.743e+14
 28000 9.32264e+13 8.51696e+13 9.41836e+13 8.19072e+13 8.62566e+13 9.04577e+13 8.62072e+13 8.80683e+13 2.0252e+14
 32000 1.07952e+14 9.68744e+13 1.07082e+14 9.22683e+13 9.84445e+13 1.04619e+14 9.84439e+13 1.00654e+14 2.29384e+14
 36000 1.21842e+14 1.08521e+14 1.19701e+14 1.0245e+14 1.10566e+14 1.18675e+14 1.10564e+14 1.13013e+14 2.55997e+14
 40000 1.36033e+14 1.19918e+14 1.32561e+14 1.12901e+14 1.22743e+14 1.32068e+14 1.22571e+14 1.25344e+14 2.82705e+14
 44000 1.50331e+14 1.31817e+14 1.45806e+14 1.23011e+14 1.34977e+14 1.45467e+14 1.34485e+14 1.37751e+14 3.10121e+14
 48000 1.65507e+14 1.43601e+14 1.58522e+14 1.3283e+14 1.46358e+14 1.58829e+14 1.46006e+14 1.49954e+14 3.37579e+14
 52000 1.80301e+14 1.56265e+14 1.71581e+14 1.42859e+14 1.56466e+14 1.72026e+14 1.57117e+14 1.62023e+14 3.66631e+14
 56000 1.95105e+14 1.69345e+14 1.84914e+14 1.52626e+14 1.66957e+14 1.84666e+14 1.68083e+14 1.74098e+14 3.94563e+14
 60000 2.09641e+14 1.82237e+14 1.99124e+14 1.6212e+14 1.7838e+14 1.97809e+14 1.79436e+14 1.86462e+14 4.21157e+14
 64000 2.24121e+14 1.95393e+14 2.14333e+14 1.71665e+14 1.90599e+14 2.10701e+14 1.90988e+14 1.99106e+14 4.49702e+14
 68000 2.38625e+14 2.08698e+14 2.29349e+14 1.80725e+14 2.02989e+14 2.23065e+14 2.0226e+14 2.11579e+14 4.77859e+14
 72000 2.52885e+14 2.22306e+14 2.43469e+14 1.88654e+14 2.1587e+14 2.36016e+14 2.13513e+14 2.23929e+14 5.05103e+14
 76000 2.66991e+14 2.3619e+14 2.57292e+14 1.95717e+14 2.28935e+14 2.49054e+14 2.24568e+14 2.36137e+14 5.29796e+14
 80000 2.80659e+14 2.50235e+14 2.71357e+14 2.02014e+14 2.4137e+14 2.62577e+14 2.3532e+14 2.48159e+14 5.52666e+14
 80000 2.96395e+14 2.51946e+14 2.8795e+14 2.04158e+14 2.31036e+14 3.01345e+14 2.45513e+14 2.58813e+14 5.93303e+14
 160000 6.18247e+14 6.17676e+14 6.14278e+14 3.48026e+14 4.30574e+14 6.40254e+14 4.72952e+14 5.30464e+14 1.06092e+15
 240000 9.36082e+14 1.0194e+15 9.17107e+14 4.97544e+14 5.44963e+14 1.05036e+15 6.97622e+14 8.01585e+14 1.46022e+15
 320000 1.30578e+15 1.41656e+15 1.34563e+15 6.79818e+14 5.97551e+14 1.41161e+15 8.96327e+14 1.08019e+15 1.83968e+15
 400000 1.66646e+15 1.72345e+15 1.72794e+15 9.53724e+14 7.65117e+14 1.63668e+15 1.11851e+15 1.35348e+15 2.2977e+15
 480000 1.96399e+15 1.89354e+15 2.08517e+15 1.24645e+15 8.74071e+14 1.89555e+15 1.33869e+15 1.59557e+15 2.72709e+15
 560000 2.26087e+15 2.03268e+15 2.40489e+15 1.5875e+15 9.43656e+14 2.09605e+15 1.5424e+15 1.81857e+15 3.00981e+15
 640000 2.48615e+15 2.1626e+15 2.58261e+15 1.93373e+15 9.86938e+14 2.32409e+15 1.74825e+15 2.01313e+15 3.14354e+15
 720000 2.73727e+15 2.33471e+15 2.74919e+15 2.29832e+15 1.1185e+15 2.59972e+15 2.00551e+15 2.24613e+15 3.46649e+15
 800000 2.9574e+15 2.57654e+15 2.91462e+15 2.63662e+15 1.27908e+15 2.86171e+15 2.25913e+15 2.48195e+15 3.74592e+15
 880000 3.19825e+15 2.73062e+15 3.12753e+15 3.00337e+15 1.41164e+15 3.24417e+15 2.55306e+15 2.73936e+15 4.03437e+15
 960000 3.52742e+15 2.87733e+15 3.34563e+15 3.34171e+15 1.48914e+15 3.6659e+15 2.83225e+15 2.9994e+15 4.34465e+15
 1.04e+06 3.78475e+15 2.9733e+15 3.59778e+15 3.68876e+15 1.5804e+15 4.19936e+15 3.15617e+15 3.27448e+15 4.52221e+15
 1.12e+06 3.9681e+15 2.95107e+15 3.82396e+15 4.16936e+15 1.67696e+15 4.61137e+15 3.4859e+15 3.52395e+15 4.77647e+15
 1.2e+06 4.30709e+15 2.93733e+15 4.0039e+15 4.62527e+15 1.75318e+15 4.92394e+15 3.76746e+15 3.76025e+15 5.02818e+15
 1.28e+06 4.67076e+15 2.9906e+15 4.06687e+15 5.10971e+15 1.77082e+15 5.20136e+15 4.02729e+15 3.98014e+15 5.04876e+15
 1.36e+06 5.05738e+15 3.03058e+15 4.00089e+15 5.58827e+15 1.8103e+15 5.38296e+15 4.26051e+15 4.16815e+15 4.77427e+15
 1.44e+06 5.39551e+15 3.14115e+15 3.86658e+15 6.04813e+15 1.88829e+15 5.54995e+15 4.49545e+15 4.35104e+15 4.55092e+15
 1.52e+06 5.72257e+15 3.28628e+15 3.66313e+15 6.56204e+15 2.00542e+15 5.71463e+15 4.7607e+15 4.54601e+15 4.32772e+15
 1.6e+06 5.98014e+15 3.36552e+15 3.47604e+15 7.13822e+15 2.06478e+15 5.96654e+15 5.05651e+15 4.74347e+15 4.09521e+15
 1.6e+06 6.39498e+15 4.98395e+15 8.23219e+15 8.59453e+15 2.4265e+15 3.4891e+15 4.83671e+15 5.51684e+15 5.69705e+15
 3.2e+06 1.47317e+16 1.22519e+16 7.78238e+15 2.20404e+16 2.00734e+15 4.64494e+15 9.56424e+15 1.0374e+16 8.67981e+15
 4.8e+06 1.14276e+16 2.24232e+16 1.49549e+16 4.80447e+16 1.03898e+15 3.00461e+15 1.73628e+16 1.69251e+16 1.24536e+16
 6.4e+06 1.12592e+15 4.00239e+16 2.77239e+16 1.09869e+17 8.40012e+13 7.99999e+12 3.66538e+16 3.11754e+16 2.74149e+15
